1.958566
1.018553
2.596585
0.184609
0.449215
0.568928
0.139733
0.530719
1.075634
0.001988
0.078769
1.274317
0.224024
0.067309
1.309483
0.608906
1.328691
0.775628
0.337276
0.256972
0.411132
0.029835
0.107102
0.724231
0.022391
1.427747
0.237728
0.090536
0.395408
0.448990
0.074589
0.109337
0.105347
0.294193
0.152817
0.585876
0.229572
0.075991
0.967431
0.697300
0.012531
0.424576
0.428659
1.149875
0.468662
1.096663
2.170197
1.174194
1.285567
0.856134
1.716521
0.278768
0.455778
0.081259
0.542140
0.022519
0.241597
0.589186
1.364542
0.696808
0.003491
0.459398
0.813602
0.402832
0.803226
0.234401
0.833971
0.117242
0.823722
0.240955
0.838767
0.704553
0.482527
0.158211
0.076915
1.056210
0.477268
0.042448
0.495101
0.674678
1.010083
0.279621
0.280850
0.213483
0.257840
0.441924
0.085586
0.031994
0.025962
0.866213
0.145048
0.209802
0.448316
0.856050
0.045030
0.187487
0.283749
0.381439
0.716049
0.141795
0.362622
0.206239
0.032905
0.426362
0.584990
0.760526
0.404954
0.330345
0.150441
0.854109
0.150338
0.670869
1.351620
0.947041
1.272563
0.753177
1.048076
0.265488
0.177029
0.622763
0.061701
1.039828
0.308409
0.175770
1.892568
1.779386
0.417738
0.332209
0.829061
0.364453
0.041386
0.530984
0.589186
0.087691
1.141426
0.043912
0.218088
0.348730
0.227643
0.819147
0.007704
0.284099
0.500179
0.249904
0.243680
0.018813
0.201262
0.815703
0.363284
1.094751
0.024069
0.971675
0.680357
0.056242
0.382520
0.289787
0.282781
3.550670
0.091744
0.025962
0.675325
0.509688
0.429523
0.693071
0.069303
0.126058
1.503189
0.071393
0.861148
0.400481
1.766687
0.261147
1.473549
0.323916
0.921440
0.092239
0.439566
0.544130
0.248372
1.936074
0.264348
0.342667
0.619381
0.197601
0.105611
0.341186
0.173303
0.035585
0.855036
0.032710
0.085640
1.564826
0.071552
1.332843
1.183221
0.194282
0.120358
0.060804
0.111278
0.383800
0.253413
0.724166
0.471044
0.190627
0.629973
0.635109
0.198055
0.342940
2.040910
0.063708
0.566316
0.196538
0.139168
1.375651
1.390939
1.268496
0.825469
0.665180
0.252856
1.472387
0.452674
0.392288
0.079341
0.063413
2.156339
0.076630
0.417914
0.492969
1.301383
0.518089
1.707157
0.039765
0.327428
0.600924
0.229185
0.017769
0.428443
0.081025
1.025980
0.752764
0.068008
0.363252
0.470809
0.202382
0.171644
0.067868
0.644269
0.262384
0.021275
0.140015
0.217168
0.184786
0.835267
0.019654
0.047390
0.276454
0.250508
0.680655
1.145935
0.247195
0.914360
0.925504
1.256300
0.354154
0.412697
0.494731
0.093636
0.375583
0.232940
1.860677
0.460202
0.241919
0.535639
0.573376
0.300303
1.640392
0.276083
0.115240
0.260993
0.373067
0.280984
0.083670
0.355084
0.967115
0.059497
0.227186
0.169220
0.649667
0.391687
1.284370
0.046485
0.818833
0.065062
1.545994
0.033395
0.399734
0.129131
0.393293
0.782149
0.132640
0.397296
0.489424
2.209146
0.526984
0.184079
0.090170
0.185161
0.513679
0.057558
0.376587
0.549047
1.936807
0.464975
0.190940
0.030110
0.708251
0.663452
0.409745
0.238269
0.947853
0.627130
0.443551
0.090243
0.384162
0.383209
0.295045
0.708188
1.129014
0.085387
0.087254
0.924243
0.028008
0.074147
0.674090
0.930876
1.099269
1.186485
0.131229
0.072450
0.156727
0.257278
0.556933
0.376392
0.292628
0.174405
0.182099
0.019971
0.531116
0.357792
1.042644
0.217262
0.438538
0.166764
0.226106
0.000382
0.625208
0.285042
0.000321
0.592569
0.112481
0.065775
1.178204
0.768268
0.228125
0.734666
0.104049
0.199940
0.232989
0.235328
1.000963
0.640794
0.117512
1.571853
0.278688
0.225459
0.411236
0.190761
0.261636
0.201171
0.531072
1.008590
0.774981
0.385018
0.586270
0.633481
0.451581
0.187154
1.391433
0.731822
0.369571
1.238910
0.050554
2.508640
1.323281
1.264653
0.005585
0.549642
0.025545
1.446944
0.212852
0.653261
0.737193
0.619697
0.176833
0.009349
0.826026
1.064993
1.442280
0.442552
0.500428
0.538006
0.203389
0.861832
2.190510
0.466214
1.142775
0.434992
0.210964
0.539171
0.163431
0.041818
0.071376
0.823168
0.096811
0.650956
0.052448
0.251239
0.178422
0.517702
0.493911
0.383045
0.012766
0.040277
0.232527
0.435101
0.909633
0.278261
0.023557
0.075351
0.095664
0.059686
0.614872
0.446636
0.673151
2.210413
0.243754
0.431255
1.180302
0.375227
0.250659
0.296783
0.159805
0.352576
0.094889
0.050520
0.003107
0.240288
0.001727
0.110916
0.006729
0.060443
0.291260
0.171537
0.446450
0.487519
0.827301
0.540114
0.460049
0.477307
0.446189
0.387595
0.805742
2.564660
0.041138
0.386074
0.243382
0.425397
0.059686
0.837380
0.238318
0.184432
0.140884
1.284968
1.322421
0.748042
0.112385
0.964377
0.064263
0.053959
1.460069
0.090755
0.255113
0.040310
0.131031
0.680060
0.107612
0.542456
1.422995
0.062842
0.885744
0.471240
0.058226
0.867163
0.208642
0.278448
1.211666
0.706555
0.146641
0.236600
0.362685
0.007766
1.543648
0.727227
0.062565
0.098481
0.637015
0.120552
2.826123
0.345278
0.011109
0.070865
1.514103
1.816646
0.097052
0.071411
1.523009
0.736260
1.545659
0.440412
0.215381
1.713224
0.132461
0.017042
0.338957
0.041585
0.166679
0.602297
0.046217
0.212222
0.799965
0.791052
0.088947
0.133835
0.134274
0.913222
1.484719
0.080649
0.447868
0.670694
0.404988
0.774981
0.100268
0.822061
0.719769
0.077075
0.377592
0.319242
0.765721
0.449215
1.631941
1.049568
0.200760
0.033999
2.231141
0.052245
0.927841
0.673268
0.043429
0.109167
0.119156
0.143135
1.387991
0.839257
0.915692
0.994788
0.793956
0.407292
0.251819
0.474737
1.562042
0.983971
0.048734
0.871679
0.020416
0.405606
0.922212
0.019844
0.061391
1.055328
0.063760
0.743498
0.159196
0.061373
1.153541
0.060426
0.681787
0.478299
0.335601
0.432196
0.090042
0.248172
0.462775
0.145640
0.032254
0.007781
0.400311
0.506232
0.097052
0.023349
0.899018
0.107745
0.593418
0.577088
0.022519
0.029673
0.002908
1.161575
0.229982
1.021958
0.029155
0.659385
0.427150
0.125587
1.223866
1.779386
0.790533
0.534260
0.478736
2.110655
1.784233
0.628040
1.273732
0.967326
0.180476
2.199120
0.015513
0.429414
0.366799
0.503969
1.096663
0.370115
0.222545
0.221498
0.086238
1.208235
0.031847
0.161678
0.305112
0.310591
0.138947
0.585629
1.458939
0.002693
1.969419
0.104763
1.056084
0.118343
0.313668
0.042797
0.104613
0.113839
0.028121
0.473516
0.629220
0.145721
0.035487
1.317929
0.092478
0.154103
0.104462
0.165530
0.264555
0.179361
0.765157
0.268507
0.090755
0.889617
0.008930
0.477942
0.672330
1.482939
0.042548
0.250231
0.931170
0.152983
0.246820
0.157416
0.071270
0.589484
0.046233
0.487397
0.362527
0.984408
0.634512
0.039385
1.052690
0.208272
0.237066
0.249351
0.159427
0.294605
0.122966
0.211150
0.106441
0.773258
0.509772
0.367753
0.002678
0.202130
0.001299
0.403276
0.092423
0.089403
0.125646
0.639586
0.166253
0.549917
0.037292
0.259222
0.467533
0.230466
0.402116
0.218820
0.063413
0.074731
0.089750
0.148035
0.615760
1.760456
0.277729
0.391186
0.467572
0.037934
0.334617
1.358963
0.521801
0.326401
0.097423
0.556422
0.283722
1.126685
0.197035
1.218427
0.014663
0.003368
0.636470
0.148959
0.150090
1.744211
0.363252
1.041050
0.113973
0.169927
0.316332
0.109622
2.300560
0.846918
0.829461
0.521498
0.321356
0.045564
0.069128
0.242167
1.178687
0.600924
0.050739
0.351804
0.089878
1.791866
0.228221
0.617226
0.561087
0.448766
0.361929
0.976492
0.424861
0.316850
0.214654
0.280182
0.138242
0.365054
0.281868
0.184918
0.785075
0.444887
0.090737
1.223866
0.443292
0.152734
0.172894
0.045698
0.266475
0.653938
0.063916
0.725662
0.229813
0.315844
0.223976
0.971675
0.050570
1.525261
1.130476
0.192014
0.275501
0.048633
0.191119
1.150942
0.010548
0.507157
0.461045
0.353689
0.090664
0.146744
0.677391
0.564284
0.118130
0.353380
0.588196
0.059050
0.921151
0.294000
0.316131
0.707245
0.656540
0.015450
0.695334
0.240017
0.550788
0.062756
0.850333
0.070163
0.725857
0.112653
0.094262
0.015261
0.927256
0.535328
0.600164
1.108849
0.415456
0.585777
0.587899
0.466679
0.287450
0.624037
0.451694
0.172355
0.155018
0.229886
0.835916
0.138262
0.080075
1.254234
0.266709
0.100156
0.461007
0.121621
0.049003
0.729126
1.425630
1.960872
0.124353
0.840649
0.312811
0.450942
0.193158
0.121290
0.416824
0.076115
0.926379
0.014601
0.224549
1.155691
0.395778
0.580633
1.326087
0.011437
0.218017
0.836485
0.667031
0.453543
0.006280
0.456538
0.233597
0.908035
0.272728
0.130654
0.093341
0.465904
1.380213
0.181660
0.805513
1.967074
0.391353
0.664661
0.303065
0.051872
0.102979
0.047944
0.585876
2.534651
0.083345
0.961028
0.389255
0.506022
0.851170
0.399191
2.105484
1.180949
0.458863
0.137498
0.227307
0.611025
0.343334
0.193720
0.955428
1.466047
0.001054
0.061046
0.396082
0.477188
0.779458
0.122615
0.191969
0.508041
1.895264
0.035733
1.653967
0.750431
0.201810
0.633698
0.771970
0.148753
0.145089
0.144050
0.110383
0.221427
1.028003
0.922985
0.268481
0.567454
0.074111
1.271786
1.006301
0.181813
0.103767
0.248147
0.245347
0.441259
1.102303
0.249477
0.839748
0.692827
1.057853
0.426649
0.022215
0.034113
1.365478
0.201787
0.105158
0.770329
0.020575
0.000214
1.114062
0.420419
1.924479
0.296203
0.254249
0.482687
0.795676
0.027459
0.347077
0.144416
2.111696
0.393092
1.276076
0.051365
0.647044
0.503551
0.145701
0.584597
0.016821
1.659418
0.009629
0.473595
0.082517
0.168471
2.237799
1.771939
0.022902
0.243680
0.178444
0.234474
0.186622
0.578105
0.360923
0.085894
0.249879
0.007905
0.096978
0.035602
0.252224
0.364516
2.256927
0.067571
0.240831
0.076826
0.101444
1.061920
0.319502
0.638928
0.104067
0.764312
0.459398
0.037194
0.100529
1.136661
0.159112
0.057832
0.507199
0.530543
0.084555
0.285312
0.281306
1.087312
1.001981
0.226730
0.493747
0.945017
0.743363
1.028838
0.381733
0.297584
0.108825
0.265670
0.051872
0.257584
0.771542
0.048364
0.157960
0.392088
0.351835
0.089896
0.257891
2.229820
1.979713
0.181375
0.171043
0.249753
0.489464
0.514959
1.421421
0.004368
0.203550
0.014129
0.576508
0.711596
0.075139
0.320776
0.564048
0.030694
0.480130
0.161552
0.292519
0.450979
0.287775
0.710142
0.362212
0.736061
1.035330
0.060581
0.740201
0.036832
0.487316
0.193945
0.429450
0.009987
0.754831
0.449215
0.176638
2.044539
0.185183
0.200464
0.194530
0.370691
1.009393
0.029462
0.072662
0.370563
0.172376
0.172118
0.426148
0.807888
0.509180
0.887812
0.927158
0.285663
0.043779
0.273308
0.250886
0.362023
0.388723
0.159029
0.140986
0.389288
0.208341
0.249728
0.966692
0.102660
0.857998
0.119407
0.069882
0.515729
0.080882
0.306377
0.552076
0.164384
0.149514
0.711469
0.871156
0.815391
0.109736
1.410796
0.603265
0.568500
0.741544
0.329577
0.516972
2.627757
0.843032
0.057798
0.222998
0.362055
1.150484
1.846995
0.122186
0.066646
1.125524
0.275951
0.968489
0.245497
0.080236
0.762065
0.572080
0.293561
0.575397
0.085459
0.206585
1.541645
0.131785
0.624143
0.721252
0.192821
0.299303
0.245372
1.194572
1.114913
0.094981
0.370371
0.642832
0.246970
0.014946
0.235084
0.350295
0.139208
0.167681
1.821870
0.099578
0.046049
0.136114
0.180432
0.543270
0.065479
0.012954
0.153688
0.837787
0.397837
0.093636
0.256691
0.086637
0.843279
0.652866
0.925213
1.335703
1.072626
0.226994
0.293122
0.361992
0.133058
0.118169
0.441739
1.310321
0.888894
0.935215
0.477347
0.245098
0.723582
0.141958
0.226346
0.458978
0.779675
0.022598
0.717072
0.883328
0.326519
1.354590
1.692982
0.219411
0.121057
0.443625
0.004799
0.277623
0.645765
1.211322
0.268742
0.160394
0.254681
1.797391
0.717329
0.185029
0.046786
0.323246
0.526809
0.036652
0.487438
0.053126
0.035798
0.021052
0.674208
0.406982
0.439786
1.200935
0.574097
0.608236
0.236037
0.237042
0.076364
0.423934
0.384919
0.057267
0.790755
0.499722
0.515088
1.170692
0.076506
0.086093
0.021960
0.620963
1.013431
0.012140
0.917123
0.396250
0.289624
0.755246
0.019971
1.389463
0.089166
0.215029
0.860039
1.658155
0.275315
0.113475
0.272097
0.354650
0.188331
0.197987
0.417914
0.801934
0.244053
0.979730
1.767210
0.917028
0.657847
0.630619
0.824119
0.872639
0.061442
0.035225
0.568547
0.067641
0.242117
2.245908
0.010361
1.544317
0.978433
0.079950
0.268925
0.165254
1.447219
1.005958
0.799965
0.065288
0.541509
0.249954
2.624841
0.726836
0.195251
0.679050
0.452788
0.027137
0.043912
1.351848
0.465052
0.170012
0.417281
1.866384
0.957391
1.116476
0.171730
0.306293
0.488004
0.234865
0.071446
0.028347
0.334647
0.645211
0.360829
0.882168
0.783610
0.865437
0.401979
0.516243
0.738595
1.536344
1.129452
0.404303
0.758504
0.011546
0.294605
0.345491
0.423186
0.419536
0.601737
0.081133
0.065236
0.086039
1.326737
0.152155
1.772996
0.161910
1.177400
0.226322
0.363979
0.163558
0.253109
0.069619
0.158379
0.368390
0.091542
0.169520
0.365403
0.145354
0.548452
0.250533
0.220715
0.225076
0.087545
0.201445
0.447718
0.439860
0.354216
0.988688
0.293040
0.138041
0.172570
0.044029
0.395374
0.066367
0.398141
0.079270
0.111640
0.479015
0.781639
0.020798
0.213132
0.498274
0.400107
0.913696
0.139874
0.322693
0.095350
0.116991
0.174362
0.129803
0.030288
0.396351
0.006172
0.641179
0.044613
0.444256
0.440412
0.653035
0.282781
0.846089
0.003876
0.288916
0.358948
0.377787
0.141775
0.886732
0.140015
1.254609
0.272465
0.010112
0.233135
1.628362
0.292574
0.105856
0.032156
0.374420
0.065097
0.103992
0.328870
0.341669
0.087145
0.238736
0.455095
0.145701
0.020639
1.046341
1.113779
0.262642
0.153439
0.601737
0.133098
0.033966
1.162511
2.706785
0.466718
0.346680
1.375651
1.094343
1.323712
0.442145
0.219648
0.033427
0.555447
0.853015
0.325376
0.582684
0.340673
0.148527
0.313639
0.649499
0.504136
0.156414
0.346131
0.179558
0.139188
0.237655
0.442922
0.072962
0.253109
0.048683
0.320399
0.620435
0.011125
0.017121
0.469559
0.120785
0.268194
0.127474
0.555355
1.052690
0.472416
1.055580
0.427150
0.794479
0.176725
0.369475
0.317944
0.860039
0.348699
0.832678
0.569309
0.499184
0.733871
1.019959
0.021196
0.410542
0.025416
0.357324
0.516072
0.164321
0.005231
0.088073
0.256615
1.446118
4.158868
0.987257
0.302730
1.014010
0.231532
0.084229
0.950604
0.215827
0.248723
0.137498
0.335392
0.651068
0.308579
0.113494
0.758574
0.147727
0.904483
0.584744
0.005616
1.190100
0.477823
0.977031
0.975633
0.583321
0.090481
1.552080
0.021769
0.408672
0.664834
0.218300
0.436232
0.401502
0.311330
0.262306
0.467378
0.110193
0.346986
1.594659
0.124138
0.866990
0.313811
0.905322
0.218466
0.929993
1.604760
0.117165
0.060236
0.494895
0.207532
0.059514
0.401332
0.015355
0.343334
0.005910
0.226610
0.105347
0.894250
0.665873
0.309626
0.582636
0.092955
0.493624
1.111801
0.529442
0.813990
0.146355
0.042698
1.218427
0.276906
0.370851
1.005160
0.765650
0.065514
0.399700
0.157103
0.453959
0.104914
0.056549
0.364579
0.391286
1.498584
0.008790
0.135293
1.442007
0.201171
0.198145
0.193293
0.383603
0.244699
0.453354
0.274231
0.967960
0.350849
0.086492
0.400379
0.205180
0.351003
0.594319
0.664027
0.106063
0.222974
1.562389
0.124608
0.581365
0.682205
2.088294
0.098462
1.180464
0.073987
0.574626
0.243481
0.424397
0.598949
0.032010
0.935017
0.031864
0.497695
0.010174
0.885385
0.090682
0.148959
2.948684
0.170613
0.629435
0.371332
0.210336
0.066175
0.538946
0.077485
0.691974
0.155747
0.570932
0.059582
0.434592
0.030207
1.595771
0.823643
0.308268
1.013315
0.087600
0.244077
1.424311
0.301752
0.149185
0.616859
0.486145
0.000534
0.153833
0.346009
0.372199
0.206954
0.336229
1.719840
0.063743
0.158211
0.249552
0.468273
0.792614
0.365561
0.522842
0.249452
0.081815
0.127140
0.344001
0.044462
1.419069
0.345644
2.390203
1.067438
0.008495
1.731390
0.124275
0.058741
0.056669
0.805360
0.058827
0.111869
0.783025
0.092680
1.170217
0.507157
0.341337
0.509223
1.078396
0.072362
0.992895
0.273255
0.325933
0.651404
0.212805
2.159767
0.176964
0.008821
0.218395
2.562089
0.127947
0.159973
0.806431
0.002263
0.079789
0.498811
0.266527
1.543648
0.264296
0.042066
0.484534
0.950502
0.471397
0.332239
0.241696
0.540293
0.798381
0.205318
0.807888
0.997473
0.596377
0.316361
0.929601
0.503593
0.017958
0.299803
0.025432
0.065949
0.424183
1.046836
0.378405
0.826026
1.258943
0.156080
0.075192
0.240165
0.708440
0.839748
0.067606
0.077467
0.375227
0.537692
0.077236
0.232114
0.114222
1.749231
1.332185
0.496170
0.133217
0.331113
0.382979
0.339287
0.138322
0.745053
0.256080
0.528299
0.448354
1.375890
0.095701
1.014706
0.257380
1.285367
0.425647
0.680060
0.052855
0.144763
0.086111
0.756907
0.064541
0.164172
0.217522
0.598696
0.904949
0.809811
0.404303
0.321008
0.184918
0.083057
0.574337
0.037934
1.747217
0.410576
0.002816
0.213039
0.813291
1.501342
0.443292
0.029657
0.080129
1.386035
0.117532
0.351188
0.586566
0.114261
0.047641
0.634349
0.712864
0.000336
0.160899
0.591921
0.353256
1.852547
0.003430
0.488288
0.035831
0.031343
1.530446
0.474107
0.186046
0.495717
0.471553
0.896536
0.130694
0.508210
0.675208
0.448878
0.503259
2.205363
0.099113
0.162839
0.093636
0.810505
0.994676
0.536977
0.183000
0.981683
0.266345
0.344670
0.220881
1.089734
0.068427
1.622063
0.081941
1.397388
0.640519
0.732813
0.279568
0.433066
0.533728
0.441407
0.414057
0.044229
0.256666
0.453127
0.617436
0.243978
0.334409
0.671570
1.566224
1.804666
0.553366
0.439382
0.453770
0.319098
0.031945
0.178532
0.046418
0.065897
0.442145
0.582978
0.860466
1.037999
0.425147
0.718997
0.150874
0.180367
0.952959
0.880567
0.438941
0.050452
0.111126
0.385579
0.246645
0.179208
0.310591
1.100784
0.421765
0.033901
0.118904
0.510153
1.600620
0.044379
0.156122
0.048700
0.886552
0.327781
1.505973
0.682504
0.930581
0.195679
0.238441
0.674737
0.398006
0.369156
0.576701
0.488896
0.004583
0.173865
0.312783
0.205847
0.564567
1.425894
0.205778
1.519173
0.042382
0.083219
1.262171
0.045280
0.293204
0.379316
0.051043
0.337876
0.809888
0.454565
1.186321
0.715730
0.684719
1.587306
1.121770
0.523929
0.215451
1.070025
0.160772
1.492810
0.260762
1.996801
0.706994
0.266969
0.388789
0.131646
0.217875
0.566080
0.188087
0.022359
0.022343
0.539215
1.147750
0.470223
0.480568
0.258940
0.281976
0.132939
0.395980
0.900494
0.473949
1.045476
0.133436
0.248648
0.578542
0.491989
0.321240
0.008107
0.215616
0.188687
0.324967
0.302031
0.651685
3.379796
0.179973
0.211383
1.698877
0.377495
0.012375
0.037950
0.424005
1.261599
0.357168
0.899386
0.037687
0.658530
0.063292
1.163917
0.053228
0.120144
0.101276
0.404783
0.333635
0.241894
0.481847
0.499101
0.309088
0.807197
0.339227
0.105611
0.409122
0.130001
1.207893
0.133636
0.191566
1.223690
0.026751
1.814342
0.229547
0.596729
0.612062
0.448167
2.906105
0.575011
0.080380
2.501775
0.803150
0.565039
0.612010
0.332239
0.338056
0.057473
0.937498
1.058994
0.337216
0.558749
0.079073
1.751760
0.217098
0.249251
1.753284
0.988358
0.536352
0.199531
0.120843
0.063258
0.297418
0.537737
1.564129
0.111469
0.792018
0.202679
0.210684
0.078877
0.462775
0.021084
0.442737
2.965635
0.141289
0.592070
0.238564
1.156307
0.057609
0.080469
0.453430
0.240017
0.535550
0.249376
0.487761
0.675325
0.056993
1.174514
0.078412
0.032108
0.177486
0.264943
0.693254
0.748042
0.981357
0.717970
0.101201
0.155913
0.153916
0.072168
0.461813
0.337486
1.039706
0.174167
0.563200
0.026413
0.397702
0.067658
0.978865
0.674678
1.320277
0.085839
0.619118
1.850071
2.305140
0.167660
0.425218
0.065027
1.452766
0.284827
0.323013
0.092790
0.053415
0.227932
0.452599
0.635381
0.716688
0.210801
0.064315
0.724686
0.725271
1.099406
1.007444
0.128026
0.719383
0.204835
0.327487
0.609164
0.832678
0.265566
0.436561
0.289515
0.251214
0.403345
0.577863
1.271204
0.308070
0.102360
0.136254
0.072115
0.400345
0.558935
0.508927
1.168634
0.530852
0.097701
0.397938
0.182780
0.894250
0.063465
0.234816
0.488166
0.145436
0.326753
0.135493
0.790681
0.581902
0.532619
0.169584
0.942197
0.056020
0.042448
0.613777
0.162163
0.272807
0.213670
0.135233
0.864835
0.003706
0.011593
0.436123
0.515002
0.041685
1.180464
0.376165
0.199122
0.361331
1.285168
0.067483
0.668539
0.124588
0.252123
0.735795
0.062323
0.525061
1.072496
0.384096
0.329725
0.387397
0.202908
0.460317
0.634675
0.322867
0.712230
0.057421
0.235500
0.244699
0.078537
0.178248
0.492193
0.389587
0.861405
0.166700
0.220525
0.084808
0.005447
0.150647
0.957495
0.117030
0.747157
0.413847
0.029673
0.389188
0.039864
0.216415
1.004363
0.955119
0.092258
0.180301
0.274284
0.562636
0.023717
0.079020
1.135477
1.333721
0.089841
0.240091
0.605462
0.078180
0.078555
0.013643
0.487842
1.399640
0.597989
0.678042
0.879592
1.026455
0.309003
0.090572
0.129072
0.131646
3.609562
0.837624
0.084410
1.053191
0.534749
0.239007
0.891429
0.636524
0.346986
0.794180
0.441887
1.283575
0.032482
0.994565
0.181989
0.298665
0.057678
0.912369
0.034456
0.006450
0.075760
0.780256
0.296589
0.024358
0.990566
0.039682
0.301418
0.775844
0.194485
0.796876
0.397735
0.023813
1.535027
0.397330
0.719254
0.771970
0.128184
0.205894
0.194035
0.044462
0.073156
2.439862
0.791423
0.431797
0.141411
1.224219
0.118652
1.988591
0.345430
0.359418
0.065775
0.754969
0.364326
0.098945
0.040426
0.572368
0.483008
0.065131
0.318780
1.370184
0.146887
1.287567
0.147255
0.045063
0.047944
0.087673
0.304073
0.169455
0.315615
1.288369
2.111696
0.686764
0.278474
0.444293
0.614768
0.259683
0.027443
0.564992
0.128302
0.291561
0.203137
0.083562
0.230926
0.602144
0.147973
0.002493
0.903460
0.491051
0.229185
0.285690
1.714634
0.836810
0.358292
0.383702
0.069619
0.696439
1.603628
0.714837
0.530411
1.029077
0.538812
0.029851
0.848831
0.320602
0.852427
3.999641
0.889798
0.506274
0.382552
0.696808
0.182055
0.631211
0.614768
0.131924
0.080075
0.347781
1.335041
0.174362
0.245247
0.499267
0.456766
0.171107
1.015171
0.244376
1.412594
0.917410
0.178292
0.266059
0.110402
0.097033
0.484735
0.347291
0.556793
1.047952
0.083544
0.000932
0.943303
0.222021
0.361929
1.845769
0.203573
1.553442
0.685921
0.540968
0.823010
1.366181
0.514917
0.236233
0.616964
0.174513
0.678753
0.273624
1.145030
0.567692
1.460069
0.049491
2.040006
0.153315
0.134214
0.262049
0.389886
1.560310
0.311273
0.459589
1.732365
0.668365
0.566222
0.019447
0.081402
0.364769
1.520768
0.446748
0.586714
0.195115
0.106724
0.050959
1.225103
0.093102
1.075896
2.251387
0.216956
0.318549
0.146641
0.578057
1.465475
0.188176
0.842620
0.917601
0.559870
0.300972
0.694538
0.022918
0.850166
0.227307
0.071323
0.036734
0.469832
0.120222
0.266917
0.148363
0.298942
0.024887
0.098852
0.065775
0.285690
0.058312
0.495553
0.847417
0.256997
0.413464
0.679644
0.317339
0.121329
0.355084
0.482727
0.042781
0.362653
0.490481
1.352304
3.379796
0.512274
0.156581
0.001804
0.457452
1.473549
0.247020
0.275765
0.161299
0.140723
0.052702
0.655464
0.179055
0.419465
0.137498
0.040227
0.570884
2.529820
0.779240
0.243903
0.433610
0.674090
0.305786
1.388726
0.272255
0.142586
0.185117
1.053693
0.136755
0.320457
0.717841
0.463199
0.265540
0.056976
0.796576
0.342576
0.190381
1.470650
0.660985
1.841503
0.025946
0.065496
0.262719
0.208341
0.763819
0.270181
0.053823
0.231265
0.916455
0.243158
0.027556
0.073899
0.062064
0.337726
1.249383
0.014161
1.192745
2.466673
2.768682
0.269344
0.700386
0.755868
0.448990
1.817802
0.248247
1.102857
0.205686
0.038016
0.263934
1.299327
0.853268
0.155830
0.600012
0.042349
0.231726
0.179099
0.166615
0.003245
0.223689
0.492438
0.520460
0.126019
0.838930
1.152928
0.066716
0.185780
0.646488
0.270364
0.319213
0.440780
1.197409
1.629552
0.105403
0.335781
0.607618
0.016190
0.630780
0.253109
0.264503
1.292197
0.032108
0.044763
0.772113
0.495429
2.458269
0.403721
0.286827
0.005755
0.216862
0.286556
0.310336
0.149061
0.478021
0.624835
0.110288
0.018212
0.158169
1.476464
0.240165
0.219080
0.062981
0.708565
0.467028
0.440633
0.043163
0.693620
0.255189
0.474107
0.506820
0.502091
0.705991
0.437219
0.275845
0.643494
0.344184
0.128973
0.095018
0.419889
0.160373
0.121563
0.353441
1.160331
0.424362
0.366735
0.653543
0.535728
0.406259
0.142972
0.105988
0.141795
0.055406
1.335482
0.194777
0.891883
1.015869
0.609990
1.360120
0.817031
0.612010
0.249728
1.019490
0.109356
0.201468
1.295240
0.477823
0.131170
0.378112
0.040112
1.495841
0.682683
0.738996
0.000932
0.134035
0.588691
0.425540
0.358448
0.290032
0.298304
0.303681
0.442922
0.335363
0.078359
0.898741
0.042249
0.014648
0.648661
0.587355
0.040674
0.121563
2.240488
0.226946
1.126249
0.459743
0.162079
0.187887
0.093967
0.645654
0.047356
0.101089
0.017863
0.347842
0.176964
0.017911
0.807120
2.462453
0.104876
0.035078
0.097330
0.552076
0.040046
0.570884
0.294302
0.668075
0.559122
0.128381
0.439198
0.524800
1.532404
0.170720
0.828180
0.229378
0.656710
0.910575
0.329548
0.333189
0.539036
0.050655
1.086239
0.831228
1.062687
0.318751
0.810582
0.321908
0.018671
0.246595
0.245646
0.114146
1.020311
0.236796
0.179842
0.814613
0.065183
0.135553
0.406672
0.325201
1.561002
0.535328
0.033150
0.034832
0.479811
0.051415
0.211453
0.803302
0.405194
0.182824
0.227355
0.523624
0.643218
0.174816
1.891226
1.137848
0.159469
0.070022
1.284968
2.139540
0.225195
0.237336
1.070804
0.152320
0.181506
0.389654
0.364833
0.609525
0.714837
0.214466
0.001283
0.125686
0.119098
0.124901
2.148429
0.499018
0.269474
0.733937
0.323100
1.094615
0.040757
0.551846
0.452486
0.572608
0.291097
0.677509
0.596075
1.977319
0.016884
0.477070
0.772972
0.484051
0.158546
0.720865
0.686342
0.377852
0.084898
0.191656
0.177464
0.597283
0.716561
0.305196
0.115586
0.297723
0.700139
0.656824
0.541689
0.087945
0.517960
0.097163
0.205525
1.957035
0.005369
0.390819
0.035782
0.519036
0.237900
0.335601
0.509688
0.012453
0.010158
0.050689
0.490155
0.281413
0.218182
0.374485
0.772614
0.206239
0.100977
0.102848
1.644876
0.430857
0.334409
0.125862
1.369947
0.464936
2.151804
0.635653
0.139652
1.449154
0.104613
0.263313
0.260736
0.247746
0.085387
0.153875
0.373614
0.036947
0.594570
0.819540
0.682683
1.621672
0.103298
0.314411
0.359888
1.398137
0.784342
1.015985
0.083129
2.108580
0.134474
0.207670
0.556886
0.470966
1.132529
0.372713
0.178815
0.057798
0.264399
0.287152
0.655860
0.670927
0.375324
0.751048
0.352514
0.258812
0.268403
1.110393
0.400243
1.570440
0.078752
0.100361
0.175444
0.587306
0.433102
0.204766
0.232260
0.073545
0.225435
0.116278
0.207601
0.674208
0.150647
0.593869
0.282137
0.375357
0.385480
0.311871
0.707496
0.211965
0.483369
0.957909
1.661530
0.730571
0.666915
0.826265
0.808502
0.159217
0.752146
0.109167
0.422298
0.734666
0.039864
0.196357
1.260459
0.044246
0.206954
0.016805
1.656056
0.330522
0.288373
0.099410
0.101799
0.917505
0.174470
1.081571
0.047574
0.380752
0.405709
0.219601
0.054401
0.552352
0.178815
0.532619
0.495635
0.649219
0.329164
0.143521
0.811277
0.122985
0.200191
0.557305
0.968066
0.296203
0.280556
0.087818
0.441112
1.970989
0.600671
0.465013
1.132676
1.193409
2.017075
0.515815
1.011927
0.337786
0.319098
0.151948
0.210313
0.175444
0.584351
0.664950
0.328104
0.256768
0.133735
0.144926
0.146846
0.753866
0.013502
0.034227
0.225124
0.281359
0.144661
0.378047
0.369284
0.249678
0.671570
0.904111
0.470496
0.102923
2.218086
0.856219
0.484453
0.823010
0.402969
0.557723
1.237458
1.009393
0.009054
1.137700
0.647211
1.563084
0.157040
0.222259
0.236894
0.904390
0.175813
0.729126
0.120164
0.403995
0.127376
0.292382
0.567075
0.035471
0.843444
0.605667
0.375906
0.328781
0.071904
0.625314
0.522712
0.324295
0.493624
0.087473
0.282029
0.024037
0.180848
0.410472
0.109736
0.059290
0.146028
0.434082
0.482567
0.064871
0.125705
0.110897
0.485742
0.132421
0.303037
0.024053
0.641619
0.083814
0.373260
0.762345
0.171709
0.150668
0.245372
0.904763
0.565134
0.028799
0.205341
0.236380
0.608493
0.456842
0.070953
0.892246
0.314125
1.637155
1.924479
0.855458
1.289776
0.205594
0.447681
0.856896
0.141917
1.018553
0.034554
0.296976
0.244774
0.858933
0.737193
0.530278
0.923855
0.080057
1.799061
0.613205
0.043962
0.053704
0.281734
0.178728
0.476120
1.306144
0.544855
0.492724
0.064784
0.153875
0.059411
0.707434
0.616755
0.220169
1.253110
0.100044
0.530102
0.489018
0.388557
0.925990
0.566932
0.684179
1.238547
0.363347
0.106346
0.798984
0.257252
1.018787
0.323450
0.425468
0.112366
0.029026
0.169177
0.537469
0.344731
0.100323
0.885206
0.234060
0.012375
0.330758
0.446561
0.085658
0.156977
0.429739
2.063094
0.347903
0.028848
0.453316
0.168087
0.011000
0.603367
0.453354
0.869329
0.721381
0.323858
0.017547
1.131795
0.200874
0.455171
0.594369
0.233013
1.374219
0.291889
1.107589
0.318751
1.670501
0.135994
0.168001
0.535817
0.079145
1.280997
0.103729
0.077806
1.313266
0.256436
0.526240
1.628362
0.074536
1.255172
0.132143
0.032905
0.398107
0.731098
0.680893
0.290578
0.261688
0.025432
0.949583
0.610766
0.405503
0.603316
0.950297
0.065305
0.119291
0.366323
0.334796
0.402491
0.011265
0.249376
0.072786
0.160878
0.309825
0.304578
0.108313
0.086383
0.108730
0.253489
0.030337
0.084229
0.324500
0.493542
0.324354
0.428874
0.106932
0.379023
0.553689
0.068008
0.495388
0.376263
0.015717
0.091817
0.429162
0.080702
0.741813
0.088036
0.935314
0.950195
0.211499
0.783025
0.812826
0.798682
1.845157
0.608184
0.003261
0.189712
0.100846
0.219104
0.398649
0.139168
0.455702
1.273927
0.109451
1.133559
1.385303
0.700139
1.194905
1.031113
0.322925
0.197715
0.942096
0.257431
0.991784
0.096793
0.313125
0.320631
0.484373
0.731822
0.693010
0.296230
0.097367
0.778733
0.142201
0.240732
0.725597
0.825708
1.369475
0.771756
0.023717
0.796576
0.395947
0.007549
0.768126
0.310392
0.292793
0.017405
0.287613
1.026217
0.485017
0.732284
2.051879
0.197194
1.549028
0.697607
0.946231
1.691631
0.154124
0.177268
0.155955
0.034472
0.182428
1.228297
1.253672
0.341125
0.153398
0.092900
0.104049
0.176508
1.028599
0.686583
1.150180
1.114345
0.626381
1.083034
0.962909
0.862945
0.895712
1.432812
0.010719
0.398243
0.126530
0.170849
0.659214
0.147665
0.183573
0.146314
0.627611
0.062583
2.139540
0.209987
0.185714
0.011203
0.226010
0.299914
0.641234
0.110022
0.656313
0.162058
0.511892
0.643494
1.201272
0.553136
0.039385
0.249904
0.394904
0.063604
0.714009
1.097484
0.300220
0.063119
1.509709
0.690514
0.431870
0.456348
1.987777
0.047339
0.658986
0.096922
0.256768
0.404269
0.467378
0.271466
0.031246
0.294825
0.139128
0.949583
1.624809
0.380523
0.340643
1.230795
0.138705
0.330581
0.469013
0.483810
0.067204
0.251491
0.352699
0.039732
0.096385
0.250937
0.952651
0.525672
0.616283
0.749747
0.363032
1.536673
0.613986
0.522018
0.372777
0.241276
0.036340
0.392456
0.039913
0.283318
0.400243
2.335165
0.656994
0.344883
0.127277
0.325698
0.230103
0.245098
0.883149
0.849331
3.844563
0.149905
0.857744
0.205732
0.013502
0.117281
0.337636
1.237639
0.028169
0.125646
2.488321
0.166615
0.905509
0.612529
0.465904
0.446301
0.300164
0.200396
0.052702
0.596679
0.186400
0.241845
0.379544
0.084428
0.044579
0.235328
0.194755
0.220905
0.074961
0.049070
1.567976
0.823960
0.435029
0.916169
0.079968
0.001192
0.355550
0.033150
0.849832
1.028003
0.402764
0.058655
0.643163
0.152300
0.183815
0.179186
0.048885
0.275209
0.679287
0.035733
0.047088
1.724620
0.109205
0.227283
0.320399
0.165169
0.015434
0.028557
0.166253
0.897821
0.408085
0.371813
1.145935
0.241202
0.193338
0.117956
0.190314
0.364137
0.194800
0.165637
2.037306
0.373904
0.182648
0.103429
0.019257
0.026654
0.549321
0.162438
0.179514
0.342607
0.053908
0.139471
0.971568
0.534482
0.440891
0.416403
0.413673
0.403482
0.714964
0.612737
0.217192
1.254609
0.212502
0.154976
0.523624
0.188242
0.531779
0.832598
0.699088
0.217215
0.821745
0.454035
0.383734
2.159767
0.677095
1.234386
0.172333
0.202336
0.482968
0.155559
0.043812
0.000809
0.601686
0.048011
0.286745
0.259119
0.180848
0.153377
0.615290
0.000886
1.397638
0.046853
2.848348
1.669640
0.108124
3.329754
1.254984
0.121465
0.334945
0.564850
0.053891
0.194215
0.156122
0.904483
0.677569
0.113609
0.709132
0.218749
0.030889
0.069864
0.917505
3.007575
0.005539
1.887886
0.096274
0.294550
0.043712
0.110117
0.075742
0.907098
0.381897
0.344700
0.596478
0.410507
1.151399
0.552168
0.716752
0.340944
0.074394
0.396183
0.108408
0.287206
0.129586
0.438281
2.050034
1.275685
0.442035
1.770358
0.636524
0.084880
0.073439
0.839911
1.805230
0.169755
0.233207
0.180410
0.505812
0.654333
0.158651
0.228004
0.974774
0.697669
0.243829
0.712230
0.503092
0.034669
1.685375
0.037112
0.562166
0.484252
0.305168
0.471985
0.480369
0.188042
0.120455
0.510576
0.109812
1.018787
0.743903
1.317929
0.310932
0.417949
0.381864
0.049912
0.495964
0.026815
0.097812
0.607875
0.539934
1.673094
0.590726
0.438024
0.101649
0.424433
0.197760
0.212152
0.860551
0.083093
0.189333
0.408223
0.379251
0.205824
0.678220
0.402593
0.034587
0.065392
0.223952
0.204284
0.065670
0.776060
0.647935
0.407533
0.171537
0.276720
0.330345
0.015780
0.246970
0.177051
0.083057
0.687186
0.173195
0.719962
0.149432
1.009393
0.850752
1.524295
0.074394
0.541599
0.791572
1.549704
0.170849
0.969761
1.133117
0.602144
0.435685
0.225794
0.195296
0.160267
0.104989
0.982227
1.437659
1.062431
0.439676
0.101762
1.831888
0.090206
0.285339
0.011078
0.815937
0.067938
0.683221
0.932942
0.024630
0.201331
0.051077
0.431399
0.276879
0.515601
0.193855
1.542312
0.412418
0.113131
0.296755
0.019463
0.180476
0.970504
0.164194
1.043258
0.504890
0.739397
0.288291
0.684899
0.829622
0.292848
0.117879
1.915252
0.704865
0.840321
0.029236
0.834214
0.248272
0.661901
0.062877
0.146416
1.200430
0.317972
0.408120
0.273229
0.514105
0.334856
0.050250
0.189600
0.454981
0.124197
0.419394
0.366672
0.146825
0.024823
0.988247
0.730440
0.639038
0.120086
0.033705
1.021605
0.920766
1.008131
0.099485
1.531098
0.211127
2.408724
0.135153
0.334051
0.507662
0.261714
0.084934
0.037473
0.199144
0.427366
0.116452
0.294110
0.038016
0.275871
0.254681
0.571075
0.935909
1.294834
0.520287
0.031067
0.125587
0.473162
0.035798
0.411479
0.727816
0.779603
0.141795
0.302366
0.068043
0.504387
0.789495
1.692081
1.255548
1.227407
0.042332
0.327810
3.609562
0.378047
0.309428
0.139471
0.128282
0.499349
0.893885
0.021148
0.171860
0.328987
1.098856
0.883328
0.637397
0.882971
1.152010
0.720155
0.519467
1.865110
0.226754
0.483249
0.278208
0.168108
0.237900
0.031100
0.644823
0.197715
0.034374
0.632670
0.067379
0.246095
1.230974
0.418900
1.154001
0.432775
0.219127
0.404097
2.416328
0.126451
0.287396
1.471229
0.907098
0.773401
1.412852
0.241523
0.053891
0.018956
0.718291
0.039170
1.370657
0.545582
1.318142
0.082949
0.872115
0.041536
0.038609
0.455550
0.538946
0.473831
0.661214
0.699644
0.042914
0.851589
0.165084
1.003341
0.663740
0.065949
1.044736
0.504764
0.330670
0.372874
0.140339
0.138564
0.125627
0.407568
0.523494
0.828820
0.208920
0.142972
1.086641
0.774981
0.315414
0.173562
0.538722
0.119873
0.404440
0.078109
0.091213
0.191566
1.310531
0.149144
0.143053
0.308635
0.232624
0.109945
1.432812
0.910763
0.998709
0.878883
0.766639
1.629155
0.014553
0.183617
0.597787
0.214888
1.299122
0.055712
0.877381
0.270941
0.148918
0.705616
0.077592
0.017674
0.445333
0.426720
0.096811
0.596679
0.564048
0.023781
0.614611
0.848915
0.337636
0.065305
0.768694
0.037424
0.025047
0.062133
1.066407
0.172398
0.483369
0.297723
0.405881
0.949583
0.274284
1.342367
0.304634
0.018607
0.251466
0.907567
0.003384
0.226250
0.074394
0.295321
0.491132
0.174535
0.478538
0.186157
0.842538
0.210545
0.637070
1.451373
1.702081
0.016742
0.166509
0.086456
0.132939
0.544991
0.503927
0.712928
0.175791
0.235842
0.178728
0.910952
0.245148
0.311558
1.321562
0.219672
0.256003
0.267829
0.024534
0.145374
0.288943
0.516500
0.673679
0.801100
0.512019
0.246745
0.888714
0.257048
0.497819
0.668888
0.578154
0.450979
0.284180
0.143439
0.114798
0.266891
0.114222
0.084320
0.064680
1.166113
0.466485
0.440081
0.096311
1.418288
0.107745
0.823722
0.165424
0.069250
0.496170
1.395644
0.156685
1.444744
0.048801
0.052787
0.170141
1.093255
0.632507
0.331854
0.333813
0.914075
0.253793
0.182604
0.019876
0.208688
0.845509
0.048784
0.067676
0.013816
0.013267
0.185426
1.716521
1.246975
0.298443
0.707434
0.327663
0.796801
0.468740
0.656200
0.573904
0.253235
0.307251
0.261225
0.266293
0.458978
0.535372
0.270364
0.324441
0.239967
0.462082
0.047625
0.819775
0.616336
0.470927
0.192889
0.632021
0.068078
0.020194
0.381897
1.086641
0.133217
0.687126
0.663797
0.054044
0.729979
0.571649
0.037736
0.274892
0.385183
2.049114
1.308646
0.810891
1.139932
0.277543
1.634742
0.811123
0.001069
0.386768
0.067047
0.317224
0.388789
0.152258
0.031019
1.900016
0.104763
0.325376
1.126830
0.067274
0.334081
0.144253
1.090274
0.172139
0.224239
0.071288
1.065378
1.281392
0.006188
0.236454
0.029543
0.097015
0.246095
0.247120
1.349801
0.758018
1.636752
0.167489
0.047021
0.654050
0.011921
0.993339
0.453846
1.137700
0.124764
1.061155
0.445779
0.087836
0.403858
1.352989
2.271053
0.074235
0.399259
0.837706
0.829541
0.062790
0.890160
0.552905
0.022279
0.174730
0.812826
0.885834
0.433755
1.078660
0.556747
0.481007
0.068935
0.127277
0.362969
0.004229
0.484051
0.303261
0.501841
0.321646
0.024246
0.983316
1.024912
0.980814
0.124921
0.330906
0.093599
0.488856
0.260145
0.050604
0.019210
0.184631
0.181046
0.058998
0.086728
0.409779
0.223451
0.402969
1.087043
0.402661
0.959466
0.537827
0.803682
0.096607
0.672506
0.119349
0.041154
0.779240
0.648828
0.116028
1.122634
1.379489
0.386272
1.311161
0.382159
0.862346
0.910103
0.021944
0.346070
1.251430
0.780765
0.835835
0.155018
0.388424
0.627290
2.091285
1.540979
0.648103
0.840403
0.348087
0.459513
0.162417
0.284072
0.434847
0.164405
0.171730
0.894524
0.170420
0.721769
0.019765
1.308855
0.102080
1.627570
0.378990
1.807493
0.073651
0.937697
0.468195
0.552859
1.166270
0.049828
1.165799
0.501051
0.416648
0.079252
0.374517
0.658245
0.272913
1.255924
0.834457
0.130476
0.265281
1.064479
1.526875
0.124706
0.601788
0.627451
1.198246
0.193450
0.316160
0.162501
0.243730
0.042681
0.403995
0.044529
0.150152
0.052618
2.703372
0.019622
0.162374
0.168514
0.051551
0.464549
0.241696
0.155684
0.055440
0.100062
0.355519
0.245596
0.036389
0.948972
0.096108
0.162734
0.012609
0.145946
0.689362
0.307279
0.017342
0.801328
0.594069
1.598003
0.133895
1.265036
0.568310
0.252148
0.300081
0.469559
0.917123
0.356857
0.325318
1.356887
0.057079
0.464588
0.498108
0.739330
1.076028
1.026455
0.522669
0.315901
1.432009
0.030970
0.402901
0.508420
1.128139
0.318924
0.400141
0.911329
0.025978
0.666163
0.422795
0.193001
0.016789
0.212969
0.387827
0.441813
2.123287
0.270967
1.957035
1.754302
0.622551
0.509730
0.014915
1.498584
0.453808
1.083700
0.319907
0.282351
0.520763
0.314039
1.068471
0.599809
0.352607
0.315844
0.306659
0.155601
0.735529
0.092037
0.551110
0.216344
0.314354
2.044539
0.154249
0.088546
0.012515
1.310951
0.812981
0.723452
0.447606
0.020973
0.120086
0.600874
0.016221
0.726379
0.412453
0.052143
0.306941
0.655803
0.414861
0.359512
0.503843
1.243293
1.617778
0.085550
0.048935
0.565039
0.210150
0.845095
0.190158
0.420172
0.370435
0.052753
0.860892
0.322693
0.021928
0.179164
0.337996
2.185656
1.234926
0.383997
0.000565
0.346803
0.107499
0.273756
0.562730
0.006790
0.305140
2.130806
0.495717
0.045698
0.839339
0.019971
0.375130
1.341473
0.354867
0.641509
0.853772
0.049390
0.661214
0.302674
0.731757
0.631481
0.660470
2.177272
0.085912
0.891792
0.795826
0.822219
1.800736
0.535817
0.133357
0.429414
1.390939
0.235548
1.332623
0.966903
0.135413
0.213951
0.416192
0.829141
0.150668
0.141573
0.052025
0.068252
0.644989
0.032694
0.480209
1.011120
0.007611
0.318636
0.066384
0.297695
0.042083
0.349343
0.240609
0.354743
0.671862
0.007611
0.245497
0.926476
0.649611
1.217033
0.441296
0.084085
0.211080
0.447009
0.258377
0.838195
0.015465
0.434010
0.114952
0.225267
0.644158
0.925213
0.155101
2.245908
0.210591
0.615760
0.945421
0.536442
0.133297
1.171963
1.939015
0.086111
1.298507
0.535550
0.011827
0.698470
0.023637
0.201308
0.522712
0.551018
0.659100
0.421659
0.155747
0.072221
0.239770
0.266813
0.411514
0.111736
0.045564
0.226130
0.090664
0.016206
0.473084
0.963119
0.070883
1.309483
0.125176
0.056071
0.132998
0.700696
0.140965
0.890794
0.656087
0.018180
0.592419
0.707182
0.569023
0.258838
0.754762
0.282002
0.236919
0.499722
0.576169
0.172398
0.021721
1.791866
0.278821
0.302926
0.192261
0.008619
0.085948
0.109527
0.606950
0.798155
0.658416
0.461967
0.326138
0.208364
1.222985
0.208434
0.157082
0.262590
0.019955
0.018813
0.756699
0.494157
0.343546
0.124921
0.920766
0.672682
0.969761
0.184013
0.210103
0.099615
2.943159
0.438171
0.077806
0.633807
0.042914
0.551846
0.415106
0.220810
0.623081
0.272807
0.390486
0.132640
0.060012
0.702932
0.031116
0.639695
0.591373
0.207786
1.293412
0.317310
0.863288
0.520244
0.343000
0.427617
0.088746
0.187953
0.316246
0.496911
0.268377
0.178030
0.166062
0.958117
0.818049
0.792986
0.160331
0.008883
0.088674
0.218513
0.080989
0.261405
1.396141
0.124549
1.048697
0.353256
0.000932
0.192261
0.454603
0.533284
0.404851
1.038852
0.504178
0.238072
0.010657
0.070426
0.123649
0.471945
0.136454
0.075866
2.300560
0.387861
0.837380
0.045765
1.160331
0.164957
1.615842
0.063587
0.462929
0.056942
0.608854
0.083472
1.145181
0.297667
0.681012
0.491377
0.232041
0.238736
0.997024
0.524147
0.756699
0.863717
0.117435
0.410611
0.182648
0.093378
0.165233
0.182055
0.147358
0.414966
2.410614
0.531293
0.179973
0.374549
0.487681
0.596629
1.040438
0.106290
0.017310
0.449552
0.739063
0.858338
1.630745
0.027556
0.462467
0.969443
0.700448
0.355612
0.084717
0.116163
0.241771
0.292190
0.155455
2.585715
0.045514
0.964692
0.186245
0.320370
0.314669
0.197330
1.064607
0.219648
0.261276
0.523364
0.738595
0.140318
0.510831
0.342940
0.935611
0.259094
0.189645
0.050908
1.089734
0.435211
0.262590
0.241820
0.012171
0.051669
0.187309
0.441887
0.889888
1.395395
0.311415
0.672155
0.580926
0.019876
0.205640
0.031571
0.339287
0.356141
0.540563
0.594971
0.208781
0.000550
0.104049
0.719190
0.132600
1.389955
1.044859
0.110859
0.277995
0.896445
0.840649
0.219269
0.372809
0.263494
0.667784
0.848831
1.103273
0.667959
0.330433
0.271913
0.314354
0.061770
0.128243
1.289575
0.505099
1.244028
0.879503
0.197035
0.088510
0.050250
0.089622
0.150338
0.947752
0.470496
0.707873
0.324909
2.276816
0.295817
0.413813
0.985502
0.109907
0.333129
0.147829
1.373029
0.661443
1.253859
0.975203
0.231920
1.146086
0.279968
0.025111
0.264788
0.457985
1.046465
0.005987
0.646377
0.567644
0.573712
0.078573
0.508378
0.052601
0.512955
0.343850
0.116009
0.444107
0.242588
0.148137
0.064159
0.839584
0.114012
0.081223
1.068601
0.615708
0.312127
0.046083
0.144538
0.012891
0.189021
1.154308
0.261611
0.632778
1.282185
0.356109
0.829221
0.135533
1.499502
0.238982
0.121174
0.214982
0.330936
0.452712
0.893611
0.403995
0.081690
0.254859
0.036750
0.617384
0.485984
0.394265
0.983316
1.458657
0.135253
0.182670
0.003338
0.324208
1.641611
0.322053
0.406362
0.242464
0.254478
0.120280
0.497736
2.018802
0.032726
0.044079
0.612529
0.964482
0.540383
0.057387
0.828340
0.081833
0.414511
0.113112
0.441149
0.139128
0.124725
0.880301
0.650675
0.201011
0.622233
0.113667
0.619223
0.050739
0.091231
1.254609
0.194552
2.382983
0.157082
0.178313
1.508461
0.151824
0.416368
0.226778
0.046535
0.175835
0.773330
0.622498
0.018607
0.251920
1.301177
0.107953
0.155268
0.404406
0.148158
0.617069
0.272597
0.217050
0.021833
1.608554
0.254046
0.391620
0.074979
0.374937
0.375292
0.293286
0.116490
0.049323
0.150853
0.613725
0.731098
0.090554
0.237630
0.432558
0.808656
0.074749
0.096200
0.132819
0.066785
0.025336
0.433138
0.159763
0.148753
0.958117
0.588394
0.000275
2.441874
0.429739
0.601788
0.385018
0.256717
0.105460
0.520158
0.257584
0.328516
0.382388
0.007162
0.503760
0.092258
0.085350
0.453316
0.024646
1.365009
0.249628
0.490359
0.645543
0.585531
0.389554
0.490399
0.203664
0.112920
0.319589
1.584032
0.230611
0.714009
0.365529
0.378047
1.140231
0.174448
2.135154
0.502174
1.270816
0.563389
0.071288
0.239598
1.372553
0.264348
1.601746
0.625634
0.770472
0.299692
0.526721
0.297308
0.262332
0.207185
0.011000
0.194012
0.408327
0.260299
0.792316
0.365529
0.058689
0.135153
0.038989
0.508463
0.017326
0.071640
0.930974
0.426792
0.488937
0.756630
0.904763
0.160310
0.051229
0.910669
0.484815
0.956254
0.073863
0.588196
0.147768
0.007626
0.328193
0.026043
0.207324
0.163855
0.080936
0.518476
0.831711
1.429607
0.259709
0.633861
0.209546
0.163855
0.021020
0.389820
0.555772
1.337029
0.045113
0.554244
0.606488
1.573981
0.372616
0.086492
0.683820
0.364738
0.067745
0.303065
0.611025
0.534616
1.770884
0.101518
0.454035
0.081438
0.745324
0.408051
0.113188
1.132529
0.461314
0.472102
0.134893
0.820484
0.031880
2.358502
0.929699
0.561696
0.426362
0.368933
0.785148
2.308217
0.841223
0.147850
0.101313
0.085731
1.246975
0.134733
0.025513
0.055099
0.387496
0.577475
0.534972
0.660870
0.230369
0.916073
1.032555
0.108616
0.104406
0.084464
0.290551
0.297557
0.034685
0.045598
0.342365
0.038494
0.786250
0.099336
0.099373
0.846006
0.066907
0.566458
0.583909
0.839257
1.823623
0.232503
0.453354
3.046556
0.043829
1.204147
0.817657
0.480608
0.203114
0.166317
1.669640
0.227042
0.132580
0.613361
0.594470
0.036110
0.624729
0.484614
0.319820
0.281413
0.833728
0.009629
0.349773
0.697177
0.200464
0.905416
0.297833
0.085586
0.042349
0.462044
0.201171
0.138745
0.783390
0.048011
0.316418
0.515387
0.162607
0.094483
0.769689
0.331765
1.907576
0.453279
0.204605
0.098276
0.282942
1.292399
0.249075
0.385051
0.828100
0.195950
1.370420
0.568928
0.037506
0.294853
1.114062
0.584400
1.048821
0.055014
1.706230
0.344487
0.794404
2.088294
0.261405
1.639175
1.611226
0.043196
0.397634
0.462852
0.636415
0.057404
0.330611
1.904814
0.261997
0.416684
0.597687
0.077841
0.818519
0.650227
0.005771
0.114338
0.258991
0.131289
0.578736
0.236723
0.028767
0.345583
0.007688
0.432485
0.054843
0.639038
0.157876
1.952469
0.448429
0.462660
0.195499
0.348944
0.515558
0.467028
0.806354
0.659157
0.459475
1.142925
0.059239
0.118536
0.014506
0.647211
0.108143
0.429486
0.087291
0.293177
0.192261
0.369955
1.131942
1.146539
0.800343
0.024887
1.380454
0.260402
1.434692
1.584757
0.081061
0.010034
0.060925
0.046753
0.717457
0.203733
0.115586
0.134134
0.319936
0.366481
0.263391
0.128262
0.041635
0.843361
0.457833
0.077449
0.625848
0.115490
0.106063
0.071358
0.159091
0.341005
0.806431
0.773115
0.081456
0.327575
0.418196
0.413429
0.976062
0.333129
0.313725
0.115913
0.487438
1.296259
0.319560
0.533594
0.416824
0.079145
1.151247
0.237140
0.397262
0.156789
0.753108
0.491907
0.167148
0.127494
0.454337
0.430893
0.821272
0.652472
0.157416
0.845840
1.091627
0.251416
0.538946
0.072609
0.348515
0.639312
0.350234
0.070707
1.343262
0.083652
0.048330
0.399462
0.458176
1.567976
0.383406
0.961028
0.132202
0.053262
1.714634
2.293018
0.289161
1.145482
0.376068
0.847666
0.185714
0.445407
0.318665
0.086909
0.062462
0.470457
0.132541
1.755834
0.633265
0.703617
0.854193
0.398886
0.701751
1.628758
0.207902
0.187598
0.136575
1.242560
0.025063
0.028735
0.493297
0.128736
0.628254
0.111278
1.613914
0.218938
0.587454
1.858161
0.101294
0.022934
0.347903
0.012954
0.126412
0.310960
0.185117
0.238564
1.307602
0.711469
0.052516
0.167937
0.296645
0.162332
1.260080
0.970398
0.098945
0.071763
0.013314
0.002816
0.883506
0.235353
0.165849
0.505099
0.633861
0.292957
0.512827
0.404543
1.240185
0.085278
0.037079
0.043396
0.169455
1.386523
0.704428
0.872901
0.029624
0.340100
1.243293
0.423044
2.051879
0.570024
0.058072
0.790458
0.648047
0.709384
0.194215
0.645543
0.365688
0.724751
0.655973
0.302674
0.637288
0.127730
0.305477
0.023381
0.221047
1.183709
0.088455
0.066228
0.134334
0.952651
0.880212
1.170534
0.648661
0.256054
0.421375
0.070760
0.844517
0.274839
0.850752
1.212528
0.351465
0.318145
0.637288
1.034242
0.096015
0.045949
0.055286
0.552767
1.997630
1.889887
0.918941
0.141168
1.151552
0.147563
1.573981
1.080776
0.342002
0.356514
0.211313
0.304522
0.011421
1.039828
0.254605
1.031113
1.452766
0.956564
0.289787
0.114414
0.315729
0.045414
0.146948
0.274495
0.097589
0.862602
0.469052
0.139793
0.239943
0.144416
0.033933
0.023221
0.141532
0.330699
1.646928
0.187398
0.195589
0.214091
1.078264
0.453619
0.403106
0.677864
0.322024
0.292820
0.215592
0.712040
1.419069
0.156936
0.968807
0.181046
0.042947
0.519899
1.565524
0.268012
0.105177
1.733341
0.084699
0.009287
0.553505
1.743213
1.166585
0.196515
0.638271
0.028411
0.308833
0.450453
1.274512
1.323281
1.239092
0.326988
0.030824
0.314726
0.273123
0.577814
0.029495
0.193945
0.150771
0.068882
0.201034
0.121816
0.917314
0.223308
0.282083
0.259427
0.104537
0.281306
0.180608
0.149967
0.033183
1.399389
0.008510
0.306180
0.154893
0.328752
0.182582
0.679822
0.137458
0.117223
0.716369
0.626595
0.422440
0.637834
0.011874
0.494116
0.304242
0.007131
0.844930
0.555540
0.720542
0.605053
0.088546
0.569643
0.690636
0.124666
0.510111
0.735463
0.021944
0.143744
2.577715
0.935810
2.648655
0.028961
2.061208
0.309286
1.694788
2.165535
0.744241
3.053359
0.554244
0.872552
0.681131
0.498728
0.080505
0.133496
0.017216
0.027008
0.332002
3.284268
0.587899
0.267751
0.911518
0.171881
0.690029
0.318203
1.152928
0.566364
0.041188
0.236919
0.227499
0.044046
0.239622
0.067256
0.356047
0.286529
0.064801
0.038939
0.313839
0.110954
0.801479
0.400345
0.180476
0.380164
0.215921
2.126496
0.328781
0.163093
0.035323
0.410264
0.816562
0.347995
0.935710
0.858423
0.284368
0.809657
0.064714
0.139108
0.043246
0.062911
0.208179
0.114376
1.782073
0.136014
0.177943
0.206585
0.507367
0.670986
0.111908
0.669761
0.110649
0.423542
0.735861
1.928074
0.088200
0.006883
0.165403
0.279621
0.230587
0.114127
0.864663
0.833567
0.098388
1.943459
0.538140
0.345644
0.313639
0.133735
0.016253
0.340552
0.402627
0.369124
0.132779
0.426148
0.518175
0.058021
0.182450
0.419183
1.052314
0.122576
0.117686
0.132998
0.415561
0.525498
0.804063
0.603673
0.668017
0.394971
0.303989
1.526875
0.433428
0.304971
0.622074
0.187287
0.917028
0.330108
0.652698
0.260094
0.858933
0.573952
1.494626
0.416859
0.018370
0.311131
0.768907
0.081456
0.074820
0.105648
0.560057
0.675031
0.110726
0.636197
0.220738
0.582782
1.357578
0.039847
0.628254
1.980513
2.250012
0.000275
0.004892
1.135625
0.947752
0.427581
1.017851
0.266215
0.337996
0.535150
1.030274
0.911802
0.216768
0.202565
0.032335
0.515130
0.647657
0.058055
0.139309
1.445018
0.095738
0.034423
0.252476
0.496046
0.018085
0.580926
0.035503
0.424932
0.518089
0.438611
0.033558
1.300354
0.211919
0.921633
0.178684
1.421683
1.083034
0.106063
0.079878
0.182319
0.180257
0.671570
0.067344
0.290087
1.071454
0.314669
0.162797
0.704303
0.168514
0.125882
0.037835
0.184786
0.291097
0.269998
0.102604
0.941695
0.173843
0.083652
2.300560
0.603010
0.003015
0.000321
0.060977
0.333219
0.608957
0.068357
1.165171
0.059806
0.224000
0.016253
0.062548
0.013910
1.224749
0.411340
0.681072
0.109508
0.114683
0.307364
0.124999
0.747293
0.940292
0.085604
1.592073
1.416210
0.457033
0.007952
0.318693
0.967643
0.213062
0.692095
2.103431
0.130991
0.172937
0.142505
0.948972
0.305955
0.281788
0.357698
0.471005
0.754210
1.264844
1.247160
0.035782
0.307279
0.283130
0.396925
0.111259
0.288020
0.041221
0.752833
0.135253
0.272413
0.005354
0.993785
0.813214
1.066922
0.160962
0.652979
0.257993
1.548690
0.019273
0.594871
0.073527
0.545037
0.691548
0.208920
1.839082
0.324938
0.223355
0.135333
0.285663
0.528211
0.096200
0.716241
0.005308
0.196470
0.286096
0.635980
0.102342
0.907848
0.133596
2.136247
0.245946
0.143195
0.931367
1.068859
0.652866
0.361709
0.034260
0.364738
0.944210
0.172506
0.565985
0.827541
0.686162
0.935710
0.445854
0.247420
1.210806
0.014805
0.794628
0.078823
0.469715
0.780111
0.612166
0.423222
0.553505
0.107215
1.743712
0.584449
0.472730
0.265696
0.230176
0.671511
0.306068
0.549321
1.092576
0.216297
0.039599
0.421198
0.385249
0.286800
0.251113
0.970611
0.023685
0.345583
0.203573
1.698421
2.959920
0.454754
0.807044
0.287748
0.356670
0.554984
0.435977
0.447830
0.032498
0.297225
0.338326
0.322373
0.396823
0.544356
0.468701
0.371011
0.080846
0.772328
1.455282
1.267532
0.078680
0.000259
0.258863
0.062150
0.125587
0.501550
0.212992
0.329459
0.249351
0.734136
0.510534
0.408292
0.065114
0.149905
0.350603
1.030633
0.680238
0.910198
0.011140
0.808502
0.722092
0.442848
0.513764
0.278581
0.083652
0.292108
0.371236
1.047704
0.118517
1.797947
0.036914
0.054214
0.049542
0.083652
0.337606
0.425933
0.488653
0.215428
0.652923
0.940993
0.284881
0.123122
0.484051
0.343971
0.044046
0.726183
0.457261
0.213834
0.115336
0.156977
0.849749
0.353627
0.175770
0.162966
0.002126
0.080218
0.137297
0.273123
1.300560
0.367149
0.086220
0.133277
0.741477
0.080129
0.566411
0.653881
0.202839
0.599151
0.119931
1.279417
0.167212
0.320283
0.221166
0.018354
0.300888
0.002509
1.799061
0.460892
0.242588
0.637561
0.039599
0.098815
0.038181
0.075192
0.061546
1.163917
0.099504
0.435575
0.648493
0.441776
0.457375
0.934621
0.415526
0.460623
0.615499
0.903181
0.184763
0.136174
0.079663
0.451807
0.282056
0.757809
0.321385
0.642776
0.849665
0.003937
0.378600
0.518003
0.929895
0.212035
1.042521
0.587998
0.000534
0.235817
0.061598
0.321704
0.520417
1.381420
0.338356
0.360672
0.001482
0.368709
0.398683
0.445593
1.766687
0.112347
0.145068
0.776925
1.017151
0.770757
0.228414
0.619381
0.579465
0.295651
0.326225
0.824992
1.383844
0.359073
0.318145
0.197013
0.646377
0.551110
0.825867
0.818284
0.050891
0.151617
0.334856
0.497819
0.166211
1.512215
1.904814
0.428982
1.310741
0.256513
3.812294
0.892701
1.094888
0.144029
0.345674
0.320312
0.617279
0.036832
0.517573
0.901141
0.220074
0.385876
0.110668
0.754279
0.185559
0.369060
0.054945
0.177160
0.472220
0.203435
0.505267
0.299442
1.477928
0.891610
1.524617
0.036438
0.243705
0.470614
0.253210
0.138624
0.875883
2.645616
0.248422
2.843823
0.793433
0.031668
0.152527
0.111278
0.521238
0.244252
0.960195
0.054860
0.773903
0.724491
0.143887
0.379936
2.916414
0.461775
0.329430
0.086365
0.312526
0.114107
0.379023
0.980814
0.468350
0.564378
0.337156
0.458481
0.168813
0.554059
0.129111
0.887452
0.342879
0.547722
0.244301
0.949176
0.075937
0.020686
0.039154
0.065097
1.793517
0.482047
0.043396
2.657886
0.174773
1.351848
1.762007
0.826265
0.375615
1.232408
1.045723
0.934720
0.123454
0.130694
0.243854
0.056925
0.457337
1.929519
0.179645
0.231483
0.167489
2.025770
0.546127
0.349466
0.112213
0.231047
0.997922
0.350665
0.208735
0.581609
0.103542
0.136214
0.290114
0.142465
0.515344
0.200646
0.089038
1.402910
0.268272
0.105950
1.162979
0.119078
0.745392
0.514575
0.744512
0.307025
0.829702
0.061098
1.219475
0.362874
0.818049
1.040316
0.522712
0.339889
0.487842
0.153896
0.560244
0.537692
1.279614
0.266475
0.761785
0.452901
0.419183
0.247395
0.161847
0.213998
0.031912
0.161531
0.516929
0.749474
0.221926
0.056788
0.441998
0.919901
1.082768
0.096811
0.000672
0.015670
0.070531
0.517917
0.003999
0.537692
0.508378
1.513788
0.477268
0.137659
0.667205
1.691181
0.062047
0.563907
1.057094
0.235768
0.850333
0.301306
1.177721
0.152445
0.096367
0.442330
0.044829
0.208688
1.611609
0.377495
0.173390
0.882792
0.365086
0.680893
0.072221
0.269265
0.670402
0.099373
0.254656
0.181791
0.839748
0.232503
0.534972
0.759898
0.247220
0.221094
0.221332
0.177812
0.111717
0.087382
0.157249
0.382716
0.735728
0.019892
0.466601
0.243134
0.177921
0.128302
0.570597
0.238392
0.178815
0.238269
0.281654
0.317972
0.053381
0.303261
0.550834
0.566411
0.786985
0.133855
0.237925
0.394064
0.648437
0.120067
1.377806
1.100646
0.080236
0.036094
0.407189
0.808502
0.032987
0.292491
0.945624
0.235744
1.349801
0.130516
0.799814
0.069584
0.164575
0.064436
0.015528
0.442330
0.871068
0.454527
0.605053
2.360212
0.117802
0.054197
0.944714
0.481767
1.412594
0.479054
0.405229
0.541103
0.474895
0.204582
0.735463
0.078180
0.016710
0.598040
0.066611
0.959987
0.189645
0.298387
0.446226
0.652810
0.416157
2.506341
0.195454
0.625688
0.123434
0.636306
0.387066
0.352329
0.540024
0.400311
0.704490
0.107158
0.103279
0.263934
0.151039
0.137137
1.308646
0.916646
0.071358
0.782295
0.825071
0.331439
0.555865
0.713881
0.084772
0.532221
0.420986
0.568547
0.016584
0.600721
0.578833
0.729717
1.133117
0.248799
0.686282
0.109869
0.575060
0.034146
0.878264
0.009847
1.170375
0.604286
1.609316
0.640684
0.924921
0.590676
0.610197
1.092847
0.313039
0.362023
0.017452
1.241097
0.060753
3.956135
0.230853
0.172570
0.456082
0.298526
0.062565
0.213273
0.714327
0.182165
0.395072
0.004599
0.066594
0.435867
0.214607
0.330936
0.622816
0.794180
0.666799
0.220596
0.483851
0.461660
0.256717
0.035913
0.306462
0.988798
0.112538
0.144355
0.135913
0.211243
1.154308
0.997473
0.816875
0.841305
0.848082
0.511000
0.263442
0.573568
0.629758
0.733077
0.360044
1.836672
0.808118
0.188977
0.269762
0.836729
0.070531
0.194485
0.835267
0.074961
0.196967
0.046853
0.926574
1.168634
1.085034
0.419253
0.761435
0.271676
2.291523
0.225028
1.132970
0.066663
0.048196
0.180542
0.483810
0.303653
0.099299
0.024983
0.468195
0.024999
0.015056
0.603214
0.744918
0.003722
0.178008
1.099819
1.196406
0.278768
0.840649
0.180629
1.580419
1.266571
1.031233
0.071604
0.429090
0.211662
1.381904
0.251037
0.015875
0.311245
0.374581
0.457185
0.030856
0.685921
0.581072
0.687608
0.734401
0.022327
0.941294
0.055712
0.099559
0.205755
0.291370
0.675915
0.342698
0.177073
0.057130
0.164915
0.608493
0.997473
0.897913
0.991341
0.450153
0.407568
1.039950
0.689544
0.780111
0.721381
0.799210
0.424183
1.115765
0.578057
0.337216
0.572272
0.190985
0.107385
0.330788
0.403174
1.348894
0.174232
0.277437
0.676564
0.043413
0.281761
0.027911
0.203068
0.051872
0.203962
0.359230
0.241053
1.042521
0.529486
0.214654
0.163262
0.500635
0.031603
0.024438
0.384985
0.276667
0.046351
0.281091
1.663227
0.368008
0.230878
0.745663
0.560244
0.128400
0.392054
3.317989
1.281590
0.147665
0.361992
0.672038
0.132163
0.137478
0.182165
0.583615
0.724686
0.318636
0.111240
0.008945
0.281011
0.313582
0.272176
0.133715
0.561696
0.304634
0.019003
0.196673
0.296065
0.247295
0.209918
0.360923
0.164278
0.388391
0.251819
0.341005
2.064988
0.187687
1.730417
0.314011
1.152163
0.219293
0.469013
0.890794
0.109375
0.394332
0.015812
1.080643
0.090938
1.796836
0.418795
0.213179
0.001498
0.331705
1.069636
0.044613
0.008883
1.232049
0.576894
0.985283
0.731691
0.414197
0.515815
0.298249
0.037490
0.021753
0.134074
2.000958
0.225818
0.037276
0.662131
0.919133
0.233889
0.189400
0.036471
1.683160
0.454186
0.985283
0.739130
1.156307
0.357979
0.280235
0.614820
0.292355
0.012828
1.215469
0.958220
0.120668
0.062358
0.198486
0.794180
0.013032
0.073439
0.781711
0.112442
0.217946
0.667784
0.445407
1.546667
0.776565
1.192579
1.702081
0.110821
0.792167
0.039220
0.585629
2.306676
0.486468
0.672975
0.008309
0.769475
0.626916
0.481527
0.073457
0.330404
0.313239
0.722545
0.594169
0.135653
0.530322
0.494157
0.329194
0.707999
0.264788
0.376781
1.091762
0.193383
0.032514
0.360986
0.118730
0.120300
0.577136
0.029090
0.281038
0.846337
0.636034
0.435685
0.347903
0.026187
0.347750
0.160941
0.837461
0.274707
0.010938
0.080756
0.981792
0.216886
0.792688
0.888533
0.695825
0.018481
0.083688
0.024069
0.504638
0.398683
0.875004
0.156435
0.507409
0.255291
0.071728
0.334379
0.260839
0.154955
0.538902
0.448616
0.993006
0.070777
0.646432
0.186821
0.137357
0.377949
0.368709
0.109907
0.008821
0.069093
0.135213
0.470223
0.889617
0.225674
0.015167
0.099187
1.686709
0.209546
0.102286
0.630242
0.359292
0.685741
0.177616
0.010330
0.789421
1.334381
0.914741
0.439529
0.076880
1.609697
1.269462
0.513466
0.503718
0.774190
0.512316
0.376878
1.006643
0.177638
0.859954
0.927938
0.229475
0.292793
0.340703
0.214466
0.699829
0.088218
2.170197
0.058346
0.107026
0.210103
1.364074
0.861661
0.183771
0.362181
0.039665
0.790384
0.040360
0.345370
0.095258
0.430135
0.968277
0.665065
1.128431
0.563153
0.044379
0.363063
0.007054
0.208967
0.826265
0.861576
0.703555
1.129891
0.422120
3.046556
0.518304
0.410542
0.796126
2.119041
0.605770
0.153107
0.147378
0.192440
0.185537
0.248096
0.575011
0.481487
0.488693
1.433617
0.098629
0.765721
0.939492
0.041171
0.300109
0.494444
0.129230
0.354805
0.367435
0.079127
0.058672
0.600924
1.654384
0.084862
1.147901
0.237679
0.177073
0.365878
0.151700
0.164363
0.458481
0.548864
0.281413
0.492969
1.451930
0.519640
1.381178
0.177051
0.738194
0.263934
0.491173
0.089750
0.707685
0.409052
0.172075
0.399089
0.180367
0.154685
0.762625
0.176182
0.122556
0.457490
1.240367
0.253185
0.597636
1.551060
0.024117
0.540428
0.108920
0.877028
0.501259
0.246945
0.159217
0.496829
0.517487
0.376846
0.011593
0.785221
0.086928
0.150008
0.094631
0.916455
2.097321
0.345096
0.289542
0.586714
0.531425
0.172527
0.145803
1.028480
0.513679
0.392623
0.272965
1.108008
0.072274
0.038412
0.932252
0.311871
0.118478
0.303821
1.038608
0.902438
0.730177
0.474895
0.247771
1.127266
0.019099
0.517487
0.122771
0.192081
0.021211
0.899294
1.552760
0.299497
0.867509
0.200441
0.865179
0.075564
0.817735
0.300025
0.474501
0.152176
0.057216
0.049693
0.210801
0.069548
0.104237
0.118730
0.618592
0.369955
0.486629
0.853941
1.238184
0.401740
0.249980
0.365466
0.000031
0.039104
0.366481
2.325487
0.129131
1.073279
0.226802
0.279354
0.535862
0.237753
0.329105
0.245347
0.319242
1.634341
0.200031
0.009085
0.088746
0.937797
0.603571
0.074288
0.092974
0.366069
0.123259
0.072839
0.033036
0.415877
0.655690
0.081815
1.016218
0.040823
1.560310
0.364643
0.477307
0.236698
0.124490
1.311581
0.635327
0.133397
0.496664
0.169669
0.168578
0.218206
0.367053
0.679703
1.268882
0.181133
0.381439
0.874390
0.081887
0.495512
0.086891
0.116163
0.025015
0.219553
0.044729
0.008154
0.080326
0.479572
0.114625
0.109015
0.145272
0.469676
0.483650
1.006415
0.123473
0.459704
0.335303
0.087527
0.199031
0.121485
0.028831
0.351743
0.190225
0.602399
0.628040
0.836079
0.558189
0.262203
0.290960
0.402184
0.175249
0.115355
0.291370
0.098648
0.053398
0.014711
0.229668
1.007444
0.558795
0.178226
1.348441
0.021068
0.402047
0.283883
0.156748
0.544991
0.152797
0.076488
1.109269
0.670752
0.537916
0.723971
0.436159
0.007797
0.589434
0.204697
0.033346
0.218655
0.110383
0.471083
0.792762
0.634946
0.763327
0.733937
0.643218
0.159952
0.268742
0.012187
0.226514
0.392790
0.846337
0.881812
0.010034
0.063015
0.127986
1.353217
0.352391
0.959051
0.553089
2.174903
0.120513
0.027524
0.167148
1.220350
0.999834
0.455475
0.876676
0.739799
0.765227
0.319994
1.389217
0.207509
0.029495
0.586418
0.155476
0.055099
0.256385
0.028638
0.025432
1.254234
0.047088
0.692339
0.127258
0.005663
0.784488
0.113112
0.596629
0.440301
0.526284
0.125019
0.873864
0.633969
0.310023
0.922019
0.684539
0.766993
0.163897
1.040072
0.459857
0.060736
0.183088
0.476753
0.178881
0.063743
0.262100
0.562730
1.032074
0.444627
0.045982
0.283426
0.014663
0.242315
0.164384
0.014035
0.007642
0.143866
0.784635
0.265826
0.222021
1.609697
0.682145
0.254351
0.447532
0.358729
0.977138
0.101070
0.403687
0.455285
1.270429
0.188176
0.228173
0.031620
0.169006
0.422760
0.545991
0.418795
0.685981
0.648382
0.106988
0.109072
0.479452
0.534349
0.214255
0.102866
0.246395
0.728078
0.739330
0.389088
0.762906
0.118343
0.425790
0.637725
0.393460
0.983098
0.173217
0.073421
0.932252
0.347444
0.104331
0.547311
0.461852
0.126746
1.415174
1.180787
0.453127
0.322605
0.235304
0.249602
0.586319
0.673620
0.169327
0.338086
0.019908
0.194800
1.790769
0.101257
0.444813
0.111107
0.397938
0.320283
0.683700
0.258761
0.556979
0.490521
0.376684
1.282780
0.646821
1.554808
0.043379
0.413498
0.050891
0.249778
0.971462
0.713436
0.474619
0.381897
0.196244
0.823089
0.690696
0.256538
0.429991
0.304242
0.580828
0.504303
0.490806
0.231289
0.892246
0.199576
0.738795
0.256105
1.011235
0.130754
1.058994
0.076737
1.534042
0.371685
1.121626
0.693132
0.083905
1.296259
0.300944
0.326401
0.595422
0.164999
1.353217
1.259700
0.074784
0.278208
0.761995
0.245472
0.035454
0.337216
0.308947
0.305955
0.247696
0.239918
0.998934
0.043030
0.884579
0.554244
0.396014
0.172118
0.635707
0.444850
0.464124
1.259700
0.580536
0.226250
0.403140
0.212478
0.187221
0.453732
0.026027
0.612217
0.232260
1.278432
0.809657
0.392790
0.681727
0.535817
0.343182
0.241845
0.442478
0.528519
0.062185
0.095036
1.003795
0.039748
0.311871
0.044829
0.898741
0.212432
0.139753
0.502508
0.415351
1.270235
0.408016
0.425754
0.057644
0.100659
0.076364
0.411827
0.256360
0.060271
0.108920
0.020989
0.324733
0.002279
0.081941
0.192216
0.065566
1.123355
0.120882
0.180695
0.373807
1.805795
0.019273
1.033277
0.024806
0.542908
0.216086
0.215921
0.577572
0.448167
1.202623
0.018370
0.200396
0.105686
0.451996
0.167681
0.277065
0.059497
0.005339
0.046016
0.047994
0.120727
0.275156
0.493051
0.205732
0.184388
0.245372
0.742891
0.288020
0.254021
1.162979
0.000336
0.039765
0.498935
0.285609
0.559496
0.210661
0.560197
0.554568
0.106252
0.104744
0.664200
0.186334
1.484422
0.267725
1.558240
0.783756
0.433428
0.833001
0.238908
0.131626
0.311273
0.370051
0.131428
0.334498
1.494626
0.138725
0.616912
0.507577
0.164533
0.193360
0.012672
0.680238
0.558376
0.252072
1.155230
0.136856
0.379609
0.491418
0.136876
0.770472
0.154643
0.065340
0.109907
1.351848
0.548635
0.575156
0.229982
0.290496
0.197669
0.262900
0.182187
0.450679
0.035323
0.180848
0.046568
0.225291
0.913316
0.301696
0.095720
0.683580
0.028783
1.026931
0.126373
0.076204
0.982989
0.474422
0.080254
0.052567
0.144885
0.135053
0.042631
0.164702
0.429126
0.130912
0.340612
1.941974
0.198236
0.318780
0.096441
0.028379
0.669703
0.201171
0.180148
0.466563
0.067728
0.356825
0.183484
0.137418
0.316189
0.110859
0.728274
0.159805
0.087545
0.539485
0.018306
0.632615
0.296341
0.866904
0.899571
0.242415
0.325464
2.210413
0.363600
1.564129
0.314755
0.128164
0.133436
0.233280
1.227052
0.436159
0.628522
0.228004
0.231411
0.537692
1.055958
0.343486
0.613725
0.583223
3.435408
0.378990
0.219980
0.566174
0.514917
0.351465
0.345004
0.642776
0.052312
0.187998
0.543134
0.048717
0.360734
0.098759
0.606334
0.086891
0.302953
0.893976
0.494936
0.785735
0.064436
0.702559
0.145436
0.169455
1.277253
0.195544
0.066297
0.290960
0.505267
0.118266
0.638107
0.958739
1.023965
1.003341
0.224597
0.029009
0.026670
0.289678
0.849749
0.420419
0.516029
2.190510
0.040624
0.303625
0.900309
0.171537
0.149000
0.346803
0.254123
0.080756
0.048666
0.433501
1.504734
0.331794
0.006033
0.199258
0.194890
0.050638
0.139188
0.596427
0.156393
0.266163
1.289172
0.333546
0.126707
0.047826
0.587751
0.317713
0.205894
0.799135
0.616388
0.093691
0.339739
0.009101
0.470184
1.221051
0.387099
0.138423
0.193810
0.129091
0.295513
0.225746
0.135213
0.117030
0.475803
0.514575
0.612633
1.235107
0.019336
0.037128
0.188798
0.265722
0.416964
0.333486
1.238184
0.390186
1.516632
0.161172
1.117045
0.012031
1.381662
0.008588
0.467767
1.830105
0.033705
1.161420
0.363284
0.287965
0.310023
0.161784
1.230795
0.014098
0.170484
0.082301
0.760456
0.155642
0.049727
0.012844
0.589633
0.647601
0.762415
0.967643
0.157458
0.392422
0.263597
0.382749
0.075139
0.288617
0.391486
0.609473
0.979189
0.779893
0.239893
0.146969
0.789052
1.111237
0.232187
0.219151
0.257150
1.750241
0.381439
0.219956
1.165328
0.028815
0.118768
0.263572
0.781493
0.188176
0.318318
0.080882
0.094041
1.193409
0.998709
0.159700
0.243134
0.008014
0.750705
0.237630
1.067567
0.034456
0.041154
1.070674
0.872814
0.830665
0.174665
0.244152
0.246545
0.181638
0.008635
0.186267
0.120067
0.270522
0.750158
0.087563
2.583034
1.374219
0.048498
0.144640
0.557351
1.032795
1.228475
0.143724
0.104086
0.040145
0.102848
0.229958
0.162987
0.639805
0.669703
0.406741
0.159574
0.766357
0.134314
0.380817
0.232867
0.050014
0.252628
0.003261
0.224048
0.032791
0.112309
1.285367
0.138161
0.538991
0.184653
0.047071
0.676977
0.713881
0.259042
0.004491
0.097812
0.290933
0.585826
0.164639
0.497571
0.191454
0.139249
0.258633
1.215816
0.370851
0.304466
0.199235
0.170034
0.270469
0.165552
0.456120
0.275104
0.489505
0.345370
0.279701
0.366545
0.334141
0.630026
0.415246
0.064159
0.390186
0.207693
0.151514
0.389820
0.047071
0.119950
0.133636
0.257917
0.327898
0.085749
1.227941
0.131190
0.101949
0.066977
0.983534
0.449777
0.145334
0.104669
0.556607
0.683401
0.152921
0.042216
0.136735
0.140702
0.211895
0.353906
0.576266
0.365498
0.226418
1.489198
0.867423
0.882346
1.056842
0.096071
0.358760
0.501591
1.552420
0.098759
0.598949
0.773688
0.276799
0.733871
0.390553
0.416508
0.599252
0.362969
0.287640
1.783151
0.613934
0.169734
0.165106
0.182231
0.044729
0.046954
0.902160
0.298692
0.096404
0.273967
0.371492
0.968807
1.502265
1.058740
0.357730
0.583027
0.304382
0.118885
0.253008
0.053262
0.964902
0.405744
0.246220
0.060030
0.561509
0.037671
0.160352
0.027443
0.215968
0.589583
0.028056
0.021180
0.534260
0.110307
0.425111
0.322169
0.062306
0.221926
2.105484
2.381194
3.916114
0.204743
0.270994
1.032795
1.778315
0.042764
0.531558
0.227210
0.012531
1.426158
0.105856
1.028958
0.705991
0.105629
0.361206
0.354278
0.457642
0.614090
1.405694
1.593918
0.053466
0.372456
0.944916
0.075493
0.908692
0.306349
0.568690
0.462044
0.031035
0.379284
0.352236
0.092478
0.557863
0.287260
0.404509
0.704928
0.485621
0.643384
0.347781
1.014706
0.183374
1.523652
1.085971
0.633102
0.050452
0.371428
0.347934
0.290905
0.386536
0.261585
0.045063
0.245746
0.238072
0.326020
0.097163
1.489198
1.562389
0.603367
0.302171
1.072496
0.044546
0.939792
0.283507
0.489667
0.008340
0.002938
0.916741
0.380360
0.413952
0.418090
0.363158
0.401366
2.475220
1.273927
0.108143
0.146232
0.754417
0.448504
2.639592
0.650619
0.801025
0.000534
1.949448
0.173433
0.041751
0.473595
0.474304
0.340130
0.580049
0.528343
0.314039
0.216368
0.891429
0.073793
0.010719
0.210940
0.868895
0.270076
1.153847
0.039847
1.315592
1.685819
0.242514
0.059462
0.676210
0.488004
0.395509
1.385791
0.098406
0.011593
0.979730
0.372841
0.533639
0.263778
0.465129
0.315385
0.423578
0.429955
1.506905
0.076737
0.557956
0.071305
0.003783
1.098170
0.262152
0.876940
0.681906
0.536442
0.966798
0.075369
0.041818
0.055014
0.190359
1.019607
0.004137
0.445891
0.099280
1.286966
0.047977
0.037440
0.074217
0.019812
0.097163
0.204927
0.219956
0.523972
0.550559
0.400243
0.581072
0.482127
0.113801
0.468311
0.372841
0.028928
0.044779
0.124099
0.247771
1.371604
0.174211
0.136795
0.915311
0.665758
0.292245
0.096626
0.799890
0.862860
0.356670
0.231192
1.179655
0.766639
0.597283
0.814924
1.721746
0.304522
0.143216
0.002616
0.059204
0.881278
0.443662
0.012359
0.656710
0.430893
0.460623
1.470650
0.877293
0.280931
0.279301
1.217903
0.873514
0.039765
0.435940
0.055866
0.322169
0.987587
0.733871
0.594219
1.204317
1.590234
0.130714
0.099764
0.329666
0.149782
1.499808
0.065601
0.297944
0.577136
0.454073
0.639586
0.055866
0.081223
0.355767
0.120668
0.322489
1.089060
0.453203
0.410334
0.067431
0.219364
0.327516
0.237900
0.128874
0.304550
0.667378
0.481287
0.279354
0.154436
0.412592
1.207722
0.538274
0.004768
0.650619
0.049390
0.295238
0.342607
0.084808
0.993006
0.884132
0.651292
1.592073
0.009427
0.335900
1.208064
0.171365
0.171623
0.087654
0.425790
0.963747
0.105328
1.418809
0.013769
0.262332
1.035451
0.431942
1.040805
0.056822
0.328251
0.203527
0.787206
0.019860
1.223161
0.367976
0.177725
0.760107
0.372745
0.176573
0.669004
0.206885
0.603469
0.877116
0.101668
0.172915
0.741141
0.240609
0.347597
0.357043
0.154747
0.343850
0.149185
0.153771
1.296259
0.713118
0.663509
0.049626
0.344275
0.201285
0.651180
0.151204
0.681370
0.800343
0.238908
0.074873
0.509096
0.289270
0.683460
0.245023
0.133795
0.355767
0.192306
0.138282
0.086329
0.494280
0.139410
0.744985
0.114491
1.030393
0.259581
0.314812
3.273515
0.544130
0.084518
1.351848
0.109565
0.018877
0.984517
0.076364
0.107253
0.260993
0.001329
2.045451
0.801100
0.249276
0.029754
0.366196
1.004363
0.877469
0.978973
0.717008
0.196606
0.367785
0.555169
0.197216
0.459207
1.091491
0.587355
0.806278
1.053317
0.009380
0.111908
0.097478
0.104462
0.182472
0.038576
0.101855
0.757254
0.110231
1.062303
1.023019
0.687005
0.107594
0.164787
0.163537
0.239721
0.538274
1.511901
0.405057
0.122595
0.417281
0.684419
0.206516
0.139551
0.676446
0.188821
0.739799
0.134853
0.652529
1.181922
2.078451
0.605053
0.935413
0.409675
0.235157
0.239745
0.389354
0.269134
0.413045
0.789643
0.504555
0.227162
0.193990
0.779893
0.399734
0.669586
0.232138
0.423080
0.057455
0.163622
0.208781
0.087236
0.003107
0.055065
0.736260
0.759061
0.398141
1.013315
0.326724
0.062652
0.683520
0.983971
0.086329
1.307602
0.215123
0.141573
0.362086
1.662378
1.535027
0.097608
0.884042
0.603367
0.622286
1.909658
0.145640
0.795302
0.814924
0.077414
0.606693
0.785735
0.124177
0.217923
0.587207
0.002080
1.705305
0.129190
1.331966
0.037128
0.171000
0.021578
0.034309
0.076097
2.989168
0.064037
0.234865
0.080577
0.339829
0.064818
0.734799
0.093176
0.454375
1.470650
1.701622
0.183617
0.709574
0.323945
0.076222
0.043929
0.693254
0.984408
1.359194
0.836241
0.291069
0.433574
0.073139
1.169900
0.665989
0.001130
1.192745
0.450641
0.163325
0.512402
1.015055
0.023845
0.007952
0.934720
1.168476
0.183374
0.117261
0.073775
0.015560
0.038923
2.510949
1.198917
0.095830
0.721058
0.038148
0.623878
0.101500
0.845013
0.529090
0.933731
1.447219
0.677155
0.104989
0.306828
1.311371
0.970186
0.036307
1.194406
0.006450
0.093158
0.804749
0.413952
1.425102
0.270469
0.802086
0.781711
0.132779
0.576604
0.253996
0.207763
1.189935
0.456044
0.071816
0.916741
1.024320
0.414371
1.304690
0.498687
0.174405
2.745951
0.141006
0.523885
0.895346
0.018370
0.947752
0.437438
0.017468
0.608442
0.108029
0.009894
0.741679
1.683602
0.056207
0.804521
0.031473
0.573231
0.842209
0.179754
0.037424
1.190760
1.335703
1.021840
0.653092
0.350295
0.324996
0.058947
0.592370
0.393159
0.403687
0.157688
0.056669
0.321849
0.655520
0.269004
1.242011
0.340010
0.749406
0.511509
0.078448
0.070426
0.812129
0.002034
1.371367
0.336677
0.271545
0.287613
0.633211
0.058912
3.273515
0.193697
0.212782
1.469784
0.518175
1.642833
0.391988
0.253920
1.542979
0.580633
0.346467
1.095570
0.088328
0.720994
1.827738
1.450262
0.751940
1.076947
0.656370
0.147973
0.173325
0.265358
0.549779
0.551478
0.030288
0.065670
0.313496
0.454110
1.318355
0.532177
0.066890
0.856303
0.705991
0.241548
0.112767
0.062289
0.214560
1.444195
0.061978
0.659898
1.609697
0.067099
0.225650
0.063760
1.294427
0.205134
1.697056
1.438471
0.374291
0.242762
0.015591
0.831711
0.586418
0.738996
0.646154
0.580390
0.449965
0.131924
0.397195
0.329636
0.788239
0.647267
0.119524
0.726770
1.629155
0.479134
0.001039
0.039352
0.851924
0.135433
1.357578
0.810119
0.224024
0.432920
0.431146
0.057096
2.139540
0.185227
1.034846
0.953267
0.441259
0.927938
0.779023
2.141748
0.130575
0.584204
0.090060
0.258658
0.353782
0.756007
0.440486
0.583713
0.076222
0.008619
0.496582
0.700448
1.569735
0.680417
0.200145
0.869937
0.798230
0.220715
0.110859
0.682623
0.338926
0.789866
0.533772
0.033852
0.305983
0.050739
0.114568
1.115055
0.016568
0.757948
0.111049
1.571500
0.075476
0.128006
0.397769
1.059501
0.230321
0.826743
0.111640
0.052363
0.035848
2.263940
0.681250
0.279247
0.402696
0.042017
2.164376
0.616912
0.000305
1.216685
0.899110
0.391019
0.085405
0.057764
0.199804
0.397871
0.272781
0.114606
0.103335
0.072539
0.265151
0.183903
0.555633
0.137076
0.483008
0.386173
0.086438
0.009380
0.122420
1.558240
0.132083
1.431742
0.513380
0.109470
0.514276
0.163685
0.015623
0.385579
2.490538
0.270731
0.058329
0.466020
0.328693
0.010953
0.493829
0.306377
0.396587
0.306152
1.288369
0.134554
0.725466
0.337606
0.669062
0.071129
0.898097
0.595573
0.899202
1.041785
2.757188
0.419712
0.408085
0.299775
0.675679
0.783244
1.118615
0.169584
0.069934
0.512444
0.074536
0.481127
0.443144
2.106514
0.750363
0.134254
0.347719
0.954603
0.517530
0.229547
0.326313
0.018750
2.152934
1.080908
0.466175
0.629113
0.340522
0.405400
0.385249
0.378177
1.267148
0.435758
0.756283
0.063725
0.228317
0.062998
0.002509
0.410680
0.874741
0.002080
0.658929
0.587652
0.049238
0.271781
0.129843
0.772757
0.485339
0.586220
1.775117
0.395139
0.271046
1.608935
0.358854
1.032555
0.452071
1.410540
0.048464
0.263003
0.500262
0.318059
0.940192
0.172613
2.019667
0.049255
1.479691
0.057592
0.045715
0.235573
0.367753
0.355923
0.265436
0.100379
0.586664
0.299664
0.437292
0.500968
0.448616
0.391988
0.131448
1.551400
0.585334
0.310250
0.493215
1.479985
0.145293
1.143225
0.611439
0.167873
0.197284
0.006883
0.426076
0.228004
0.025995
1.029555
0.048565
1.432277
0.536977
0.842455
0.501383
0.133556
0.001926
0.138403
0.446785
0.693743
1.710882
0.768055
0.715666
0.391887
0.426434
0.192261
0.089859
0.056788
0.095055
0.806890
0.270495
0.512444
0.371589
0.245098
0.138926
1.129306
0.068672
0.848165
0.115874
0.195634
0.527072
0.354712
0.173347
0.701006
0.771042
0.222807
0.243382
0.178117
0.246045
0.609990
0.158525
0.659328
0.139007
0.256997
0.144987
0.014946
0.169348
0.369284
1.470361
0.192081
0.534038
0.466446
0.261019
1.415174
0.233037
1.603251
0.052312
0.920574
0.019939
1.483235
1.106192
0.009645
0.233670
0.754348
0.450867
0.140541
1.299943
0.619908
0.108143
0.736061
0.880834
0.104707
0.201970
0.140844
1.238547
0.964272
0.079860
0.414756
0.033868
1.171963
0.038477
0.966481
0.048935
0.730308
0.567170
0.210452
0.030402
0.430171
0.074217
0.168877
0.190538
0.241993
0.300276
0.638928
0.086166
0.468389
1.849455
0.129862
0.247595
0.566222
0.238687
0.289651
0.592719
0.199394
0.482607
0.346528
0.055508
0.387463
0.005015
0.119272
0.308070
0.410715
0.004445
0.039170
0.085115
0.008557
0.771684
1.393905
0.033607
0.395240
0.104857
0.335601
1.398137
1.409005
0.102473
0.173778
0.091542
0.152859
0.242514
0.471985
0.119485
1.233845
0.651854
0.591522
0.431074
0.054231
1.470939
0.805589
0.520158
0.594971
1.015869
0.503760
0.137820
1.329127
0.101612
0.282915
0.135573
1.328039
0.698779
0.262926
0.047457
0.364738
0.027040
0.803454
0.459857
0.164300
0.970504
0.106969
0.757046
0.219861
0.669936
0.248297
0.076862
1.267532
0.344335
0.359292
0.169562
0.894158
0.053008
0.393561
0.050520
0.261997
0.126176
0.044613
0.253235
0.795152
0.000153
0.319502
0.295541
1.301383
0.035585
0.016379
0.027895
0.332031
0.343213
0.544447
0.634566
1.197576
0.598747
0.316418
0.451581
0.916359
1.276272
0.544810
0.524669
0.018259
0.266163
0.317857
0.955531
0.101967
0.891701
0.127711
0.650339
0.461967
0.020416
0.264736
0.073740
0.168108
0.880124
0.903739
0.473005
0.156602
0.591821
0.568405
0.049154
0.771470
0.149329
0.483168
0.276799
0.096663
0.265488
0.728012
0.279835
0.007394
0.781711
0.477188
1.280601
0.295265
0.550743
0.664027
0.364801
0.091707
0.992672
0.279061
0.381962
0.026992
0.705490
0.027330
1.088926
1.014822
0.002754
0.148856
0.165233
0.034048
0.029139
0.841715
0.416052
0.053908
0.022024
0.178597
0.424718
0.160183
0.092515
0.196041
0.191074
0.369284
0.091048
0.373550
1.013778
0.099243
1.296055
0.035078
0.694660
0.072662
1.072626
0.889617
0.128933
0.232163
0.161678
0.023861
0.172161
0.222783
0.917219
0.415947
0.639641
0.155788
0.027879
0.342546
0.021912
0.306546
0.373292
0.283103
0.657619
0.137679
0.468623
1.812621
0.363158
0.214302
0.921440
0.740134
0.059514
0.058758
0.190560
0.868375
0.133855
0.767559
0.401196
0.117300
0.135613
0.009272
1.832483
0.010096
0.121018
1.240550
0.468779
0.568785
1.249383
0.553089
0.027089
0.236013
0.193877
0.126471
0.215522
0.902160
0.106969
1.563432
0.910858
0.074979
0.344731
0.867769
0.429559
0.862517
3.435408
1.551400
0.292820
1.522368
1.033518
0.084934
0.343364
0.279594
0.625954
0.175401
0.590328
0.108939
0.674501
0.020734
0.404577
0.479492
0.426040
1.196740
1.089195
0.603877
0.266293
0.058432
0.068270
0.275315
1.662802
0.078180
0.286069
0.920766
1.553101
0.485218
0.052821
0.135133
0.447868
0.159322
0.233670
2.760990
0.775988
0.503676
0.188732
0.298526
0.371910
0.215522
0.679644
0.247245
0.092753
0.431327
1.117473
0.332654
0.059016
0.315873
0.982444
0.185581
0.397668
0.096311
0.289243
0.114069
0.741612
0.234767
0.295486
0.590278
0.800873
0.709700
0.058827
0.559496
0.558143
0.315930
0.517745
0.047776
0.192619
1.484125
0.421836
0.198213
0.147973
0.093912
1.177560
0.006481
0.011016
0.632021
0.818519
0.336468
0.558515
0.560665
0.681548
0.505980
0.098202
0.852931
0.899571
0.163135
0.034048
0.029802
0.242489
1.153387
0.085640
0.453052
0.161088
1.065506
0.677569
0.778950
0.153709
1.722703
0.013863
0.092882
0.797478
0.117628
0.120338
0.449327
0.278954
0.035094
0.018797
2.426000
0.292820
1.295444
0.062686
0.594971
0.758504
0.614611
1.768781
0.765368
0.891429
0.921730
0.003568
0.298748
0.132680
0.153626
0.239474
0.913791
0.130080
0.608700
0.010034
0.198350
0.615290
1.505973
0.584302
0.624995
0.345309
0.206700
0.274179
0.173023
0.014255
0.082553
0.094612
0.163389
1.303861
0.100454
0.012875
0.395475
0.568214
0.077645
0.840239
0.086347
1.251803
0.100902
0.327370
0.524843
0.293890
0.098945
0.017816
0.384656
0.429234
0.041022
0.293671
0.009007
1.254421
1.573271
0.179798
0.207693
0.079055
0.025577
0.488572
0.783756
1.117473
0.305646
0.464163
0.798909
0.210173
0.683042
0.590775
0.043762
0.480967
0.087309
0.838358
0.234840
0.398649
0.576169
0.046083
0.459857
1.398888
0.501883
1.185830
0.042000
1.102442
0.018671
0.557305
0.510365
0.185360
0.344731
0.042498
0.082517
0.099131
0.741141
0.164342
0.303093
0.565370
0.730703
0.653486
0.060012
0.695763
0.106271
0.073899
0.004199
0.140015
0.416157
0.173843
0.116144
0.081330
0.863202
0.081887
0.047675
0.056190
0.116702
0.000061
0.115990
0.621439
0.606026
0.041088
0.845509
0.719705
0.568928
0.309825
0.454565
0.004229
0.015654
0.424433
0.337366
0.351157
0.310932
0.087218
0.071393
0.097237
0.107499
0.048935
1.001189
0.560806
0.713945
0.803530
0.745799
0.060253
0.091176
0.617699
0.691730
0.815859
0.041204
0.386999
2.753414
0.401332
0.174427
0.712674
0.006249
0.495019
0.111583
0.050587
0.313382
0.004876
0.290469
0.254300
1.521727
1.714634
0.361551
0.654276
0.057849
0.476515
0.363063
0.007301
0.021450
0.339137
0.676800
0.048734
0.388823
0.809195
0.240535
0.368231
0.026043
0.223260
0.007843
1.674830
1.023137
1.104661
0.066873
0.374452
0.388557
0.646154
0.217262
0.970504
1.114204
0.377625
0.624197
0.237213
0.665296
0.068200
0.335960
0.336588
0.506820
0.014161
0.009505
0.038346
0.738461
0.698285
0.052177
0.084229
0.185758
0.394400
0.127494
0.033134
0.188042
0.421198
0.239524
1.400141
0.456804
0.095867
0.458748
1.224219
0.402832
0.208920
0.011718
0.894980
0.219482
1.080511
0.528387
0.935611
0.434628
0.361237
0.395442
0.620277
0.533284
0.215146
0.531028
0.088710
0.069531
1.876694
0.007936
0.102829
0.133596
0.517315
0.396722
0.381930
0.600823
0.595724
0.070215
0.208804
0.172269
0.861490
0.124334
0.092937
0.025143
0.133018
0.589682
0.204238
0.564520
0.221356
0.085405
0.979405
0.036947
0.067990
0.290114
1.066021
0.297446
0.327693
0.316562
1.107589
0.018449
0.084482
0.156518
0.463391
0.822456
0.228751
0.174622
0.935413
0.120300
0.321269
0.850166
0.157249
0.258095
0.122069
0.431038
0.153813
1.017851
0.492888
0.284961
1.110252
0.011187
0.112538
0.123454
0.105743
0.503509
0.283776
0.364643
0.618066
0.512912
0.171989
0.462775
0.442774
0.146723
0.691304
0.130041
0.024230
1.002660
1.499808
0.351743
0.501550
0.612997
0.055303
0.438354
0.021291
0.659898
0.626275
0.223451
1.091762
0.601128
0.121290
1.242377
0.142627
1.158006
0.507746
1.284570
0.203252
0.390819
0.229934
0.636960
0.064818
0.115086
0.482727
0.172786
0.178444
0.248121
0.578882
0.986818
0.232235
0.447158
0.457642
0.186511
0.142627
1.021605
0.149782
0.092313
0.107140
0.274522
0.506988
0.214771
0.293671
0.035422
0.088419
0.255901
0.231920
0.091597
0.970823
0.299164
0.347383
1.199253
0.206793
0.436926
0.152569
0.303457
0.159091
0.992117
0.792762
1.140679
0.225363
0.642280
0.527510
0.356016
0.336618
1.404427
0.717521
0.138745
0.039451
1.168319
0.325026
1.590601
0.162459
0.271440
0.031522
0.214583
0.051838
0.676505
0.294028
0.008805
0.008448
0.037687
0.485581
0.591871
0.122439
0.133038
0.344244
0.024310
0.013784
0.666336
0.407775
0.035700
0.519553
1.716048
0.100286
0.335631
0.723063
0.619486
1.663652
0.113418
0.089531
0.625261
1.021840
0.093433
1.128285
0.386140
0.436817
0.708754
0.066750
0.245871
1.026693
2.433874
0.141289
0.085640
0.211476
0.600316
0.212782
0.251744
0.262461
2.096310
0.494526
0.279995
0.783536
0.021912
1.022429
0.207925
0.321124
0.678516
0.383242
0.018829
0.225818
1.878651
0.458100
0.063223
0.413150
0.132063
0.636633
0.732218
0.424041
0.219175
0.832033
0.242266
0.160225
1.872157
0.512444
0.090353
0.020035
0.422866
0.386272
0.242811
0.796576
0.474186
0.777431
0.398412
0.271519
0.809426
0.914645
0.099504
0.150152
0.876147
1.074193
0.278634
0.103560
0.499142
1.326737
0.131865
1.670932
0.540518
1.495841
0.155434
0.186068
0.022822
0.107385
0.226874
0.339317
0.110250
0.155268
0.526022
0.783390
0.802694
0.037309
0.058724
0.574193
0.483690
0.106384
0.806125
0.042764
0.094262
0.871679
0.273888
0.334975
0.512529
0.975740
0.329312
0.239992
0.041353
0.091469
0.712547
0.613569
0.190962
0.695457
0.166360
0.805284
0.427509
0.756007
0.411514
0.441628
0.130041
0.085676
0.151907
0.260608
0.632832
0.596478
0.040426
0.182494
0.020257
0.334617
1.939015
0.075582
0.864233
0.420030
0.447308
0.199599
0.281306
0.324558
1.139783
0.471475
0.039467
0.794778
0.001176
0.507367
0.261328
0.150338
0.087055
0.712801
0.384689
0.393427
0.795751
0.897362
2.115880
0.189467
0.675325
0.262358
0.351188
0.497076
0.241177
0.065844
0.142992
0.176421
1.862572
0.558749
0.155372
0.163516
0.829541
0.092845
0.760456
0.653035
0.309655
0.149596
0.124529
0.730111
0.964692
0.867682
0.325172
0.433320
0.203779
0.493420
0.227740
1.351165
0.335661
0.657108
0.648661
0.622710
1.283575
0.020623
0.099429
0.408223
0.631050
0.835997
1.712754
0.116953
0.744579
0.324383
0.994007
0.504555
0.784488
0.477942
0.491948
0.420349
0.029398
0.279061
1.563780
0.349927
0.816484
0.400617
0.274971
0.766286
0.206885
0.410576
0.208712
0.972635
0.525018
2.613347
0.028864
0.169798
0.670402
0.153481
0.471044
0.505141
0.227379
0.155434
0.150585
0.754831
0.301473
0.036258
0.833324
0.768623
0.934522
0.338836
0.136876
1.265803
0.539799
1.398137
0.421801
1.112930
1.358039
0.196402
0.324850
1.230080
0.797102
0.284395
0.440633
0.599657
1.081439
0.408292
1.266955
1.515682
0.117551
0.714327
0.349435
0.334111
0.115797
0.461544
0.382323
0.382585
0.100865
0.579028
0.084844
0.210522
1.034967
0.926379
0.137458
0.566648
0.208665
0.201787
0.106686
0.172613
1.249940
1.012158
0.125725
2.001793
0.278821
0.925504
0.034031
0.184035
0.249326
0.427509
0.472181
0.435101
0.302255
1.313688
0.264555
0.114702
0.624729
0.082049
0.390986
1.765122
0.130278
0.163558
0.771684
0.252097
0.232405
1.336807
0.447606
0.607670
0.153066
1.003681
0.798306
0.377592
0.013204
0.065357
0.433973
1.673961
0.021785
0.053058
0.447980
0.002095
1.688047
0.269291
0.717521
0.011437
0.572032
1.078528
0.655464
0.215428
1.511901
0.312469
0.238638
0.399768
1.519492
0.368965
0.284611
0.342213
0.280369
0.135073
0.457071
0.878176
0.578251
0.363821
0.113935
1.161575
0.064732
0.143602
0.853772
0.835267
0.397634
0.136595
0.851086
0.428048
2.350042
0.560057
0.216485
0.047927
0.109926
0.314440
0.604592
1.523973
0.434664
0.187687
0.331557
0.612737
0.813990
0.819775
0.562166
0.546309
0.653768
0.308494
1.224219
0.946636
1.580059
2.010225
0.037950
0.094501
0.540563
0.495594
0.398040
0.289460
1.449708
0.004399
0.138121
0.162522
0.297280
0.084790
0.604848
0.423578
0.255062
0.131110
0.262100
0.357917
0.966060
0.577911
0.512487
0.915216
0.200783
0.138000
1.324574
0.250508
0.398988
0.367785
0.376004
0.386041
0.372520
0.563059
1.209605
0.426434
0.593069
0.978001
0.646766
0.660813
0.196719
1.057347
0.114299
0.905509
1.213218
1.109550
0.325464
0.121193
0.757115
0.298942
0.750705
2.532229
0.486387
0.778299
1.855034
0.192866
0.095369
0.534394
0.308042
0.515943
0.715283
0.405091
0.761435
0.497117
1.311371
0.657449
0.034571
0.826982
1.009508
0.705053
0.521585
0.396486
1.047208
0.019844
1.112789
0.295541
0.398073
0.067571
0.587553
0.682145
1.291389
0.062669
0.434264
0.904390
0.194575
0.026332
1.587306
0.333040
0.034456
0.457718
0.234401
0.922115
0.877999
1.262552
0.219198
0.890069
0.795901
0.000825
0.661615
0.024342
0.269474
0.220596
1.574337
0.610611
1.062814
0.250911
0.202679
0.734070
0.064836
0.197964
0.590825
0.945826
0.358917
1.456404
0.283426
1.438471
2.372344
0.062202
0.258249
0.518821
0.908411
0.205341
0.488004
1.084901
0.823722
0.105290
0.159238
0.848248
0.978541
0.029511
1.483532
1.327605
0.095978
1.236914
0.510958
3.074341
0.621439
0.424326
0.256258
1.392173
2.096310
0.097552
0.100174
0.104312
0.190270
0.226322
0.786765
0.585679
0.148753
0.949176
0.316648
0.038659
0.261971
0.959155
0.000687
0.076310
0.218088
0.086456
1.173237
0.130100
1.361745
0.104255
0.448092
0.414371
0.418337
1.183872
0.013424
0.103054
0.909256
1.236552
0.835105
0.401843
0.045865
0.434192
0.109679
0.246820
0.114318
0.369188
1.647751
1.249197
0.210011
0.202954
0.535194
0.008712
0.787722
0.956977
0.079681
0.293286
0.621122
0.913506
1.637962
0.571075
1.383358
0.257865
0.245596
0.372745
0.473989
0.010361
0.780184
3.844563
0.862260
0.335542
0.067256
0.571362
1.801856
0.536709
0.066193
0.025368
0.073351
0.169691
0.046970
1.391679
0.033232
1.015869
0.837787
0.582342
0.053993
0.708314
0.391653
0.050435
0.637015
0.309910
0.349466
0.698470
1.038121
0.279941
1.178849
0.989129
1.292197
0.092772
1.475004
0.072909
0.192462
0.038164
0.687910
0.991230
0.749406
0.695457
0.587010
0.660470
0.091451
0.142323
0.088911
0.378828
0.889888
1.868942
0.066960
0.156539
0.386735
0.618014
0.361520
1.021487
0.840977
0.324470
1.305105
2.567244
0.942297
0.621862
0.405366
0.045130
0.618749
0.329253
0.985940
0.151576
0.042116
0.093360
1.288770
0.054078
0.130278
0.271230
1.747720
1.833080
0.294165
0.614455
0.008231
1.457248
0.521541
0.250886
0.068357
1.209433
0.254021
0.420313
0.131865
0.003937
0.009785
0.403824
1.883907
1.284968
0.027073
0.269396
0.450829
0.100790
0.732747
0.184079
0.133397
0.006265
1.489198
3.406829
0.688031
1.048697
0.532354
0.288889
0.235866
0.161552
0.118556
0.587010
0.198372
1.147598
0.058638
0.042631
0.596629
0.662647
0.037358
1.224396
0.615238
0.123083
1.578622
0.433138
0.676859
0.014098
0.750911
0.278341
0.064246
0.461122
0.342849
0.119989
0.061857
2.466673
0.989129
0.343910
0.082931
0.069847
1.780996
0.826504
0.553874
0.058038
0.809657
1.416469
0.480648
0.431399
0.265151
0.120552
0.027105
0.878352
0.022359
0.021562
0.804597
0.569595
0.924727
0.539036
0.528387
0.719898
0.258991
0.211569
0.040624
0.154872
1.058486
2.079426
1.150028
0.746953
0.947041
0.194822
1.258943
0.160709
0.585925
0.679703
1.537003
1.233306
0.520244
1.262171
0.144926
0.506778
0.204192
0.103748
0.713627
0.142262
1.110112
1.766165
0.117261
0.020480
0.330256
0.063847
0.330936
0.403242
0.263882
0.338596
0.146069
0.415001
0.347383
0.491255
0.193068
1.163136
0.019067
0.950910
0.553967
0.106799
1.239456
0.565370
0.562448
0.053534
0.156393
0.823802
0.288427
0.111679
0.150853
0.477426
0.648158
0.010688
0.168877
0.284854
0.326871
0.267986
0.165530
0.350142
0.219790
0.787059
0.226898
1.190430
0.162227
0.217899
0.383406
0.223570
0.306265
1.076290
0.516243
0.096663
1.022547
0.132680
0.214209
0.153024
0.490521
0.023861
0.167425
0.349712
0.130833
0.982771
0.086855
0.200441
0.113935
0.077075
2.633639
1.089195
0.000427
0.246220
0.133118
0.425790
0.654333
0.925116
1.345507
0.215569
0.488653
1.625203
0.699026
0.498853
0.666625
0.111030
1.984536
0.058981
0.892610
0.121777
0.164151
0.234499
1.387501
0.050858
0.259812
0.490074
0.370691
0.565890
0.456310
0.242489
0.774334
0.429450
1.040072
0.347322
0.002064
0.007828
1.320705
0.185625
0.266241
0.017452
1.019490
0.176486
0.472338
0.101350
0.362937
0.051940
1.280206
0.175748
0.303597
0.104782
0.616597
0.280583
0.454186
0.052618
0.047826
0.418583
0.285636
0.355643
0.029981
0.101089
0.668830
0.024310
0.269553
0.146519
1.061410
0.091689
0.416929
0.849498
0.399462
1.227763
0.404851
0.549779
0.014742
1.451095
0.256666
0.167361
0.761295
0.514191
0.068550
0.448504
0.417000
0.539305
0.344214
0.496540
0.756007
0.692400
1.192414
0.676623
0.159070
0.118672
0.270705
0.235206
0.200327
0.827381
0.234596
0.040012
0.029398
0.343910
0.464472
0.767559
1.040438
0.815080
0.525105
0.004537
0.219198
0.116625
0.000107
2.959920
0.053042
0.223809
0.823722
0.319473
1.184035
0.339949
0.020830
0.021339
1.161420
0.953883
0.403037
1.031713
1.199253
0.352421
0.015497
0.639531
0.643218
0.235915
0.169498
1.232408
